-0.554
-0.224
0.044
0.101
-0.64
-1.041
-0.472
0.489
-0.277
-1.064
-1.073
-0.229
-0.029
0.184
-1.201
-1.281
-0.15
0.243
-0.429
-1.543
-0.868
-0.013
0.191
-0.892
-1.495
-0.51
0.224
0.364
-0.57
-0.972
-0.447
0.077
0.46
0.095
-0.144
-0.316
0.712
0.358
-0.528
-0.933
-0.551
0.302
0.614
-0.678
-1.023
-0.243
0.67
0.508
-0.014
-0.643
-0.493
0.104
0.103
-0.654
-0.932
-0.732
0.09
0.628
0.241
-0.155
-0.034
0.214
0.487
0.11
-0.61
-0.164
0.212
1.121
0.118
-0.42
-0.237
0.418
0.933
0.254
-0.865
-0.163
0.53
0.802
-0.175
-1.273
-0.099
0.39
0.303
-0.363
-0.832
0.062
0.737
0.193
-0.37
-0.093
0.541
0.811
0.322
-0.808
-0.038
0.438
0.362
0.173
-0.486
-0.271
0.178
0.476
0.366
-0.409
-0.018
0.305
0.853
0.249
-0.366
-0.311
0.105
0.524
0.467
-0.132
-0.395
0.078
0.434
0.186
-0.357
-0.304
0.277
0.526
-0.12
-0.723
-0.255
0.118
0.279
0.056
-0.478
-0.255
0.262
0.415
-0.206
-0.504
-0.263
0.167
0.422
-0.117
-0.663
-0.239
0.273
0.369
-0.174
-0.605
-0.278
0.323
0.395
-0.029
-0.631
-0.172
0.41
0.263
-0.248
-0.482
0.155
1.086
0.196
-0.231
0.193
0.572
0.765
0.042
-0.522
0.133
0.467
0.3
0.233
-0.371
0.099
0.739
0.056
-0.365
-0.484
0.086
0.436
-0.578
-0.97
-1.095
-0.761
-0.859
-1.323
-1.445
-0.595
-0.308
-0.879
-0.939
-0.766
-0.207
-0.157
0.007
2.065
2.536
4.891
4.932
5.637
7.38
8.431
8.574
8.852
9.08
9.282
8.998
8.632
9.008
9.246
8.99
8.806
8.926
9.283
9.145
8.966
8.97
9.107
8.748
8.713
8.936
9.3
9.203
8.929
8.843
9.073
9.292
8.964
8.652
8.997
9.466
9.163
9.209
9.028
9.199
9.528
9.076
8.953
9.049
9.365
9.161
8.959
9.187
9.396
9.209
9.001
9.073
9.299
9.343
9.105
9.021
9.049
9.211
8.837
9.177
9.045
9.413
9.588
9.151
9.153
9.126
9.269
9.013
8.851
8.882
8.948
8.998
8.728
8.596
8.263
8.486
8.267
7.741
6.981
6.49
6.031
5.252
4.573
4.529
2.772
1.925
0.431
-0.428
0.321
-0.062
-0.149
-0.383
0.07
0.452
-0.024
-0.366
0.427
1.024
0.543
-0.405
-0.185
1.26
0.452
-1.558
-0.342
1.692
0.483
-1.25
-0.304
0.599
0.063
-0.981
-1.473
-0.034
0.54
-0.411
-1.456
-0.067
0.889
-0.066
-0.917
-0.919
0.636
0.972
-0.17
-1.285
-0.251
1.066
0.201
-0.664
-0.428
0.534
0.19
-0.563
-1.139
-0.436
0.526
-0.218
-0.991
-0.092
0.184
2.763
3.188
2.571
2.149
2.061
2.124
1.814
2.079
2.306
2.229
1.918
1.81
2.385
2.506
2.304
1.885
3.072
3.404
2.674
2.609
3
3.575
2.7
2.323
2.917
3.214
2.915
2.891
2.866
3.484
3.248
2.719
2.302
3.182
3.419
3.011
3.143
3.215
3.754
3.917
4.996
4.959
5.722
5.799
5.56
5.341
5.726
5.988
5.688
5.465
5.476
5.99
5.837
5.322
5.769
6.034
5.724
5.227
5.914
6.104
6.039
5.685
4.923
5.58
5.198
5.347
5.475
5.825
5.645
5.812
5.215
5.518
5.973
6.138
5.217
5.497
6.07
5.84
5.249
5.894
6.173
5.798
5.372
5.543
5.728
5.659
5.691
5.494
5.699
5.937
5.839
5.588
5.951
4.331
2.135
0.026
-1.296
-1.198
-0.741
-1.627
-1.043
-0.356
-0.019
-0.73
-0.786
0.117
0.231
-0.31
-0.893
-0.068
0.016
-0.844
-1.507
-0.731
-0.06
-1.091
-1.878
-0.648
-0.129
-0.663
-1.74
-0.825
-0.454
-0.278
-1.257
-0.72
0.104
-0.286
-1.481
-0.733
-0.675
-0.462
-1.022
-1.45
-0.36
0.098
-0.548
-1.495
-0.654
0.202
-0.462
-1.268
-1.004
-0.195
-0.346
-0.967
-1.502
-0.087
-0.008
-0.207
-1.339
-1.168
-0.114
-0.168
-0.668
-1.049
-0.67
-0.303
-0.101
-1.045
-0.996
-0.146
-0.187
-0.831
-1.231
-0.874
-0.032
-0.889
-1.359
-0.951
-0.307
-0.325
-1.208
-0.992
-0.324
-0.415
-1.372
-1.623
-0.709
-0.251
-1.021
-1.675
-1.054
-0.335
-0.634
-0.958
-1.448
0.021
0.021
-0.765
-1.357
-0.304
-1.039
-1.104
-2.059
0.13
1.011
-1.045
-1.973
-1.442
-1.011
-0.779
-1.104
-1.408
-0.943
-0.901
-0.901
-1.438
-0.046
-0.29
-1.248
-1.491
-0.857
0.862
0.705
-1.193
-1.257
-1.33
-0.824
-0.687
-1.043
-0.54
-1.069
-1.428
-1.755
-1.372
0.892
0.217
-1.358
-1.039
0.032
-0.504
-0.771
-0.976
0.336
-0.547
-1.16
-2.187
-1.393
0.963
0.342
-1.024
-0.642
-0.242
-1.053
-1.525
-0.793
0.745
-0.658
-0.431
-0.722
-0.253
0.889
0.566
-1.107
-1.362
-2.563
-0.046
10.984
9.366
9.631
8.327
2.018
-1.088
-1.172
-0.032
7.976
9.683
9.718
9.657
5.346
-1.136
-0.993
0.37
7.233
9.919
9.57
9.099
4.099
-0.694
-0.567
2.742
9.666
10.231
9.855
9.996
4.403
-0.487
0.457
7.694
10.291
10.026
9.983
9.739
7.082
2.708
-0.059
-1.095
-1.124
-1.293
1.154
8.85
10.102
10.006
9.755
9.96
8.154
3.041
0.682
-0.219
-0.663
-1.017
-0.068
-0.022
-0.981
-1.215
-0.304
0.589
-0.35
-0.417
-0.317
1.506
1.477
1.868
1.335
1.355
1.095
1.076
1.358
1.23
1.335
0.873
0.967
0.831
0.965
0.648
0.643
0.741
1.139
0.817
0.99
0.789
0.945
1.015
0.649
0.938
1.68
0.944
0.428
0.622
1.566
0.334
0.511
-0.489
1.135
1.223
1.073
0.515
0.392
0.83
0.764
0.3
0.102
-0.137
0.418
0.836
-0.168
-0.123
0.109
0.597
0.124
0.506
1.794
2.768
3.92
5.332
6.406
7.584
8.151
8.454
8.689
8.631
8.405
8.45
8.4
8.404
8.267
8.192
8.354
8.203
8.448
8.313
8.37
8.659
8.82
9.005
8.84
8.864
8.927
8.707
8.727
8.673
8.698
8.658
8.719
8.643
8.558
8.65
8.596
8.67
8.66
8.555
8.588
8.577
8.691
8.62
8.593
8.546
8.529
8.359
8.281
8.132
7.814
7.637
7.337
7.024
6.983
6.992
6.65
6.619
6.506
6.445
6.282
6.181
6.299
6.313
6.391
6.437
6.332
6.404
6.325
6.368
6.288
6.005
5.872
5.799
5.654
5.73
5.56
5.414
5.253
5.18
4.993
4.789
4.832
4.699
4.449
4.23
3.953
3.756
3.436
3.135
2.972
2.677
2.501
2.2
2.203
2.072
1.835
1.554
1.301
1.463
1.507
1.512
1.636
1.38
1.634
1.613
1.826
1.823
1.956
2.014
1.679
1.809
1.686
1.753
1.629
1.616
1.605
1.474
1.631
1.544
1.741
1.679
1.862
1.956
2.007
2.965
3.868
4.695
5.056
5.425
5.949
6.455
6.948
7.256
7.789
7.997
7.952
7.965
8.057
7.668
7.155
6.486
6.023
5.101
3.952
2.457
2.034
1.199
1.068
0.975
1.424
1.911
1.342
1.077
1.462
1.738
1.21
0.862
1.179
1.562
1.037
0.578
1.193
1.692
1.277
0.765
0.988
1.175
1.436
0.718
0.488
0.88
1.284
0.825
0.387
0.624
0.762
0.963
0.099
0.036
0.374
0.768
0.116
-0.329
0.116
0.646
0.425
-0.171
0.001
0.261
0.626
-0.009
-0.321
0.184
0.667
0.343
-0.125
0.289
1.165
0.852
0.192
0.29
0.547
0.772
0.444
0.227
0.277
0.804
0.782
1.264
1.571
2.078
2.731
2.805
2.634
2.629
2.839
2.938
2.623
2.908
2.842
2.959
2.58
2.082
1.546
1.594
1.168
1.485
1.201
1.618
1.485
1.457
1.32
1.454
1.5
1.35
1.289
1.346
1.493
1.382
1.317
1.239
1.634
1.016
1.203
0.857
1.587
1.224
1.345
1.32
1.168
0.912
1.09
1.586
1.156
1.495
1.306
1.495
1.127
1.38
1.271
1.505
1.839
1.367
1.624
1.392
1.795
1.32
1.508
1.481
1.674
1.734
1.495
1.578
1.764
2.455
2.605
2.784
2.438
1.274
1.683
1.495
0.751
0.509
-0.095
0.312
0.372
0.148
-0.277
0.179
0.741
0.441
1.318
2.387
3.4
4.097
3.579
3.351
4.347
5.394
4.716
4.492
5.089
5.892
5.753
5.651
6.155
6.826
6.781
5.962
6.18
6.341
6.385
5.817
6.022
6.834
7.842
7.308
6.899
6.586
5.415
5.129
4.851
4.939
5.641
5.805
5.142
5.546
5.844
6.045
5.366
5.313
5.421
5.848
5.518
5.17
5.278
5.78
5.626
4.933
5.002
5.319
6.554
4.689
5.174
5.697
6.026
4.553
4.714
4.917
5.663
4.849
4.566
4.893
5.83
5.169
4.602
4.554
5.411
5.059
4.572
4.943
5.638
5.267
4.775
4.721
5.328
5.475
4.944
4.756
5.224
5.982
5.305
7.048
7.64
7.395
5.058
3.562
2.489
1.444
0.823
0.677
1.039
1.319
1.375
1.112
1.151
1.365
1.317
1.235
1.191
1.155
1.066
1.082
1.097
1.263
1.571
1.446
1.483
1.318
1.557
1.346
1.268
1.375
1.491
1.504
1.335
1.31
1.078
1.187
1.118
1.343
0.96
0.858
1.068
1.456
1.234
1.711
1.301
1.278
1.034
1.213
1.104
1.186
1.119
1.081
1.44
2.158
2.673
3.721
5.373
6.519
7.367
8.388
8.589
8.584
8.254
8.209
8.155
8.176
8.125
8.093
7.809
7.458
6.721
5.66
5.678
5.577
6.379
6.291
6.442
6.493
6.358
6.26
6.541
6.467
6.275
6.232
6.285
6.373
6.224
6.285
6.459
6.534
6.706
7.323
5.769
3.591
-0.366
-0.41
4.365
7.182
7.392
7.546
4.898
-1.609
-0.563
4.563
6.519
6.33
3.692
0.092
-0.001
3.756
6.548
7.637
6.367
0.474
-1.204
5.1
8.049
7.746
1.178
-2.096
-0.621
4.454
6.72
6.151
1.649
-0.485
-1.248
3.124
7.165
7.631
6.088
1.204
-1.352
-1.387
2.783
6.194
8.269
8.475
2.213
-1.398
1.821
5.827
7.337
7.312
3.051
-1.516
-1.193
2.835
6.378
7.429
5.995
2.205
-0.175
-0.095
4.716
8.572
7.082
2.483
-1.653
-1.024
2.341
6.108
8.165
8.631
1.437
1.16
1.383
4.208
7.745
8.324
8.09
7.867
4.336
0.201
-0.811
1.997
6.875
8.419
8.166
8.146
6.296
1.03
-0.886
2.798
7.876
8.701
8.272
8.323
2.855
-0.878
-1.524
2
7.202
8.803
7.908
3.983
-1.366
-1.287
-1.742
1.407
5.405
8.046
8.451
8.013
8.268
8.267
7.518
3.002
-0.871
-0.692
-1.382
0.461
5.326
8.625
8.545
8.167
7.856
7.486
7.452
6.647
5.058
2.61
0.893
1.929
1.225
1.22
1.271
0.618
0.646
0.289
0.983
0.711
0.697
0.541
0.482
0.472
0.448
0.473
0.711
0.612
0.706
0.798
0.598
0.582
0.597
0.664
0.772
0.694
0.762
0.636
0.641
0.651
-0.036
1.075
0.256
0.738
0.229
0.805
0.441
1.507
-0.155
0.777
0.714
1.046
0.348
0.166
1.152
0.922
0.476
0.661
0.956
0.746
0.542
0.145
0.493
1.178
1.361
0.766
0.878
0.379
8.599
7.856
7.069
5.642
4.506
3.818
3.383
3.58
3.944
3.885
4.074
4.091
4.359
4.205
4.18
4.494
4.215
4.319
3.775
3.743
3.03
2.87
3.094
2.796
2.976
3.371
3.112
3.203
3.35
3.344
3.728
3.599
3.725
3.729
3.638
3.622
3.659
3.946
3.613
3.711
3.462
3.555
3.584
3.737
4.087
3.876
4.448
4.841
5.085
5.394
5.824
6.355
6.199
6.388
6.636
6.521
6.742
6.708
7.208
7.138
7.068
6.786
6.951
6.932
6.953
6.806
7.037
6.879
7.041
7.211
7.475
7.397
7.655
7.533
7.733
7.734
8.027
7.743
8.123
8.113
8.197
8.25
8.3
8.519
8.602
8.905
8.95
9.122
9.125
8.91
9.272
9.417
9.177
9.286
9.369
9.677
9.494
9.548
9.436
9.622
9.506
9.689
9.559
9.551
9.434
9.514
9.293
9.45
9.646
9.454
9.527
9.381
9.407
9.484
9.596
9.417
9.441
9.406
9.375
9.608
9.492
9.618
9.527
9.088
8.373
8.059
7.881
7.519
7.212
6.953
6.152
5.795
5.036
4.872
4.689
4.734
4.569
5.435
5.077
4.878
5.156
5.281
4.418
4.378
3.897
3.444
3.387
3.167
3.769
3.869
3.369
3.087
3.567
3.849
3.434
3.012
3.573
3.906
3.448
3.221
3.666
3.642
3.814
3.087
3.343
3.561
3.911
3.411
3.32
3.628
3.975
3.729
3.07
3.052
3.46
3.467
2.712
2.796
3.356
3.583
3.202
2.88
3.371
3.691
3.426
3.214
3.018
3.302
3.658
3.279
3.051
3.383
3.804
3.617
3.066
3.393
3.168
3.441
2.795
2.896
3.488
3.739
3.344
3.035
3.377
4.035
3.646
3.06
3.365
3.645
3.596
3.575
3.539
4.577
4.826
5.762
6.512
6.645
7.67
8.11
8.259
9.041
9.462
9.564
9.457
9.177
9.519
9.557
9.304
9.276
9.731
9.561
9.331
9.423
9.599
9.743
9.552
9.618
9.766
9.303
9.457
9.921
9.879
10.16
9.447
9.804
9.991
9.636
9.483
9.582
9.667
9.457
9.75
9.434
9.73
9.957
9.759
9.497
9.454
9.525
9.641
9.794
9.585
9.487
9.304
9.701
9.436
9.774
9.286
9.4
9.524
9.674
9.595
9.535
9.315
9.296
9.572
9.407
8.792
8.929
9.149
9.258
9.456
9.476
9.523
9.438
9.685
9.39
9.436
9.894
9.261
9.09
8.539
7.974
8.015
8.655
8.355
7.15
7.642
7.733
7.459
6.878
7.106
6.891
6.245
5.783
6.26
6.507
6.166
6.236
6.517
6.485
6.305
5.754
4.484
4.353
5.547
5.926
6.286
6.255
6.083
5.777
5.442
5.197
5.498
5.247
5.159
4.911
5.003
5.705
5.308
5.303
5.142
6.078
5.632
5.311
5.095
5.836
5.793
5.659
4.801
5.803
5.598
5.296
4.869
5.986
5.227
5.926
5.601
5.659
6.245
5.533
5.254
5.661
5.975
5.811
5.816
5.613
5.681
5.584
5.125
6.03
6.265
6.208
5.479
5.94
5.674
5.832
5.423
4.924
5.058
4.811
4.486
5.847
8.399
8.594
9.443
9.704
9.665
9.779
9.389
9.381
9.402
9.586
9.791
9.863
9.561
9.511
9.51
9.444
9.775
9.492
9.81
9.764
9.162
9.572
9.472
9.792
9.251
9.602
9.754
9.627
9.615
9.4
9.565
9.693
9.166
8.734
9.933
9.624
9.549
9.681
9.673
9.404
9.589
9.439
9.543
9.622
9.737
9.61
9.519
9.471
9.869
9.82
9.711
9.235
9.695
8.759
7.633
6.922
5.765
3.892
3.445
3.325
3.98
4.5
4.515
4.292
4.437
4.914
5.212
5.53
6.43
7.89
7.49
7.779
6.729
6.995
6.886
6.881
6.852
7.034
6.827
6.912
6.777
6.74
6.886
7.041
6.97
6.767
6.745
6.985
6.749
5.722
7.16
8.304
10.182
10.279
7.765
5.739
5.85
5.045
6.771
10.991
10.586
7.379
6.638
6.757
8.509
10.707
9.611
8.726
7.086
5.123
5.742
9.596
10.425
7.968
4.8
3.359
9.618
9.899
9.834
7.701
6.637
5.985
9.55
9.581
10.772
8.531
5.651
4.984
6.613
9.887
9.98
10.193
9.145
6.819
4.31
2.454
9.451
9.965
9.539
7.049
5.762
5.104
8.542
10.686
10.395
9.236
7.109
5.508
6.548
9.514
9.718
9.997
8.693
3.139
5.525
8.659
9.56
9.541
8.86
7.364
3.567
1.985
2.721
3.118
1.555
2.583
3.316
4.381
4.239
3.499
1.285
0.493
-0.129
0.961
2.276
3.453
3.585
5.517
1.409
0.342
-0.525
-0.356
-0.234
2.805
4.271
1.917
-0.064
-0.562
-0.729
0.404
2.979
3.158
3.504
0.828
0.66
0.41
-0.111
-0.524
0.111
2.141
3.43
4.652
4.467
3.994
3.839
2.839
-0.597
-0.146
-0.506
-0.691
-0.872
1.976
3.255
4.929
4.795
5.148
5.466
6.28
7.49
8.818
10.09
8.586
10.027
9.379
9.521