-0.554
1.071
0.347
-0.367
-0.426
-0.019
0.176
-0.788
0.936
-0.097
-0.646
0.03
-0.174
-0.221
-0.357
-0.336
-0.786
0.387
0.71
0.121
0.117
0.645
-0.4
0.843
-0.76
-0.51
0.946
-0.254
-0.506
1.185
-0.53
-0.363
0.87
-0.418
0.041
1.847
-0.971
-0.19
-0.694
-1.108
0.271
-0.845
0.532
-0.029
0.272
0.6
-0.068
-0.581
1.087
-1.599
0.882
-0.597
0.755
0.413
0.132
1.432
-1.046
-0.48
-0.001
-0.636
1.523
-0.784
1.002
1.143
1.348
-0.051
-0.106
0.497
-0.723
0.884
-0.965
0.366
-1.289
0.307
-0.824
0.474
0.259
-0.353
-0.57
-0.151
0.17
1.852
-1.82
0.016
-1.579
0.775
1.274
0.978
-0.108
-0.541
-0.004
-0.235
-0.391
-2.3
-0.168
1.276
0.91
0.608
0.302
0.473
0.406
1.866
-1.245
1.228
-0.723
0.996
0.119
0.403
0.321
0.626
2.665
-0.241
0.052
-0.932
0.797
-0.637
1.772
0.046
0.48
-0.276
-0.882
1.25
1.461
-0.664
2.289
1.392
0.323
0.2
-0.643
-0.566
3.026
2.38
-0.728
0.522
-1.276
0.414
0.587
-0.268
0.394
-0.116
0.062
-0.894
1.377
0.126
-0.595
0.199
-0.101
-0.326
-0.043
-0.081
-0.068
-0.129
-0.199
-0.359
-0.249
-0.418
-0.27
-0.423
-0.322
-0.4
-0.194
-0.156
-0.175
-0.15
-0.194
-0.177
-0.275
-0.006
-0.09
-0.184
-0.061
-0.06
-0.038
-0.023
-0.168
-0.152
-0.25
0.563
0.296
-0.414
-0.655
-0.916
0.498
0.265
-0.098
-0.619
-1.271
0.069
0.271
-1.041
-0.45
-0.561
1.226
-0.212
-0.02
-0.439
1.352
0.424
-1.317
-0.272
1.937
-0.419
-0.552
1.806
1.133
-2.374
-1.021
1.82
-0.286
-0.603
-0.018
0.613
-1.573
-0.842
0.162
-0.746
1.566
-1.401
-0.925
-0.062
0.621
0.881
-0.711
0.199
0.072
-0.581
-0.555
1.435
-0.602
0.267
0.945
0.087
-0.433
-0.033
-0.904
2.039
-0.704
0.17
1.131
0.445
0.421
-1.227
1.757
-0.78
-0.546
1.754
-1.016
1.71
2.933
-1.635
-0.46
1.501
0.206
-1.52
-0.669
-1.996
-1.817
2.294
1.654
-1.848
0.867
2.654
-2.495
2.427
2.053
-0.853
-1.46
1.78
-1.063
-0.473
1.676
-1.055
-1.878
2.176
-0.982
-2.052
1.374
1.834
0.046
0.05
1.058
-0.49
-1.249
0.681
-0.433
-0.637
0.259
-0.34
-0.737
0.195
-0.348
0.395
0.457
-1.123
1.027
0.83
-0.071
0.163
0.156
0.16
1.127
-1.246
0.974
0.223
0.613
0.42
0.617
0.386
-2.096
-0.133
0.216
-1.927
-0.772
4.506
-1.061
3.447
0.45
-0.056
6.013
1.854
1.191
-0.828
-2.138
2.452
1.852
0.005
-1.389
-0.678
-2.18
0.96
-0.547
2.018
0.2
-1.636
0.878
0.043
0.959
-0.253
-0.078
-0.141
-0.458
-0.911
0.686
-0.23
-0.602
0.097
-1.543
0.49
-0.452
-0.637
0.092
-0.473
0.573
-1.094
0.356
0.964
-0.725
-0.324
-0.006
-0.433
-1.436
-1.116
0.547
0.063
0.353
0.165
-0.007
2.472
-0.122
-0.209
-0.025
-0.734
-0.675
-0.013
1.156
-0.88
1.203
-0.628
0.761
0.01
-0.6
-0.333
0.125
-0.257
-1.36
0.394
-0.632
-0.413
0.371
-0.06
0.878
-1.496
-0.284
0.402
-0.227
-0.899
-0.631
-0.93
-1.599
-1.135
-1.17
-0.912
-1.02
-0.871
-0.552
-0.881
-0.892
-0.729
-1.075
-0.663
-0.2
-1.107
0.939
-1.259
1.567
0.056
0.639
-0.176
-0.036
1.052
-0.218
0.833
-0.166
0.406
-1.044
-0.121
0.077
-0.776
0.966
-1.749
2.315
-0.097
-0.021
0.101
-0.606
0.821
-0.627
0.868
-0.049
0.116
0.277
-0.072
1.411
-0.245
1.216
0.524
0.333
0.287
-0.217
0.943
-0.273
-0.294
0.374
0.067
0.597
-1.302
0.177
-0.265
-0.127
-0.207
0.171
-1.007
0.466
-0.065
0.599
-0.711
0.212
0.576
-0.393
0.929
0.542
-0.402
1.285
-0.014
0.322
1.14
-0.364
1.444
0.84
0.316
0.342
1.805
2.461
-1.193
-0.581
-0.177
-0.895
0.164
-0.281
-0.693
0.735
-0.221
-0.765
-0.779
-0.223
0.698
0.059
-0.712
0.006
0.765
-1.265
0.565
-1.118
-0.041
-0.488
-1.065
-0.844
1.316
0.572
0.233
-1.634
-3.117
-0.066
-0.497
0.856
0.326
1.108
-0.389
1.766
-0.147
1.178
1.357
0.055
1.847
1.272
0.558
0.327
1.045
-0.008
0.116
0.906
0.118
0.367
1.066
0.583
0.097
0.746
1.834
0.756
1.07
1.638
0.607
1.766
2.008
0.242
1.957
2.121
1.189
0.124
1.923
1.431
-0.319
0.995
1.451
1.588
2.171
0.923
0.317
1.185
2.042
0.32
0.981
0.554
1.311
1.644
2.118
1.093
0.206
0.565
-0.214
1.205
-0.135
1.832
1.136
2.234
0.453
2.163
1.568
1.134
1.656
0.824
0.74
1.281
0.333
0.99
1.123
1.634
1.182
0.048
0.395
1.846
1.711
1.324
0.48
1.222
0.833
1.838
1.201
-0.07
0.418
1.808
1.566
0.939
0.86
0.639
0.795
1.408
1.105
1.036
2.307
2.274
1.351
-0.165
1.286
0.792
1.048
1.986
2.294
2.236
2.33
1.89
0.143
1.213
0.351
2.455
1.537
0.94
-0.267
0.686
1.874
4.459
-0.395
-0.548
1.925
3.377
1.74
0.187
1.626
3.359
3.51
1.616
-0.608
0.392
0.684
1.865
0.341
1.379
1.103
-0.372
-0.916
1.817
1.13
2.661
1.698
1.157
1.24
1.515
0.908
0.916
1.315
1.388
1.487
1.403
1.341
1.309
1.365
1.527
1.479
1.516
1.34
1.318
1.237
1.379
1.343
1.372
1.33
1.318
1.245
1.3
1.419
1.36
1.311
1.294
1.305
1.286
1.232
1.251
1.127
1.237
1.244
1.469
0.638
0.796
0.738
0.891
1.444
1.076
0.783
1.057
1.451
1
0.766
0.873
1.51
0.398
0.916
-1.357
1.98
0.576
0.259
0.078
1.612
0.748
-0.559
0.999
1.276
-0.015
0.503
1.099
0.289
0.745
1.382
1.163
0.186
1.899
1.068
0.563
0.915
0.359
0.309
-1.476
-0.193
1.959
1.674
2.454
1.431
0.161
0.683
2.077
1.954
2.09
1.05
0.456
0.818
0.964
-0.037
0.368
1.285
1.221
2.174
2.035
1.118
1.535
2.215
0.962
-0.494
1.334
0.598
-0.696
0.948
1.325
-0.574
0.946
0.891
-2.358
-0.674
1.554
1.249
2.546
-0.367
1.051
1.183
0.481
2.967
0.583
1.337
2.22
-0.341
0.882
0.763
0.638
1.131
1.201
0.345
0.624
0.934
-0.939
1.232
1.844
2.768
1.345
0.637
2.02
1.492
3.338
2.295
0.729
2.482
1.08
0.857
2.344
1.795
0.386
2.396
1.699
0.726
2.625
2.047
0.599
2.023
2.562
1.179
0.763
1.444
0.996
2.121
2.576
0.83
-0.178
1.401
1.614
2.84
0.774
1.955
-0.479
1.92
-2.759
1.008
4.292
-0.255
2.162
-0.7
3.412
1.756
0.92
2.178
-1.681
1.433
2.038
-0.9
0.951
1.212
0.437
1.505
0.487
-0.02
-0.269
-0.436
-0.606
-0.117
0.859
0.513
1.373
0.537
0.441
1.748
1.305
0.753
1.027
1.075
1.935
1.685
1.482
0.212
0.225
0.034
0.975
0.739
0.989
1.118
0.983
0.6
0.12
1.493
1.081
2.368
1.771
1.922
0.622
1.055
0.255
0.898
1.992
0.78
2.004
0.851
0.78
-0.04
0.288
-0.001
0.185
0.95
0.429
0.171
1.029
0.715
1.474
1.635
2.05
1.175
1.169
0.206
1.723
-1.033
1.564
1.488
1.603
1.197
1.492
1.366
0.396
1.237
1.086
1.281
1.323
1.181
0.9
0.497
0.596
0.948
0.796
0.867
1.109
1.194
0.062
0.193
1.316
1.436
2.238
1.884
0.796
1.137
0.441
-0.485
0.68
0.347
1.544
1.606
1.209
-0.202
0.578
0.195
1.249
1.582
-0.14
1.181
0.65
1.424
2.639
1.623
2.444
2.189
2.208
1.145
1.063
1.428
-0.285
1.886
1.178
-0.434
1.754
1.25
1.31
0.921
0.568
0.641
-0.262
2.121
1.641
1.391
-0.564
-0.131
1.426
0.054
0.06
2.028
1.844
1.401
0.768
0.61
2.263
1.488
1.955
0.88
1.226
0.928
0.956
2.368
1.726
2.135
1.884
1.803
1.597
2.094
0.12
0.939
2.355
2.58
1.719
0.994
1.583
1.741
1.343
2.847
0.795
1.669
1.1
0.525
1.348
1.598
0.681
1.583
-0.754
0.24
2.126
1.662
2.124
1.189
1.833
1.744
0.417
2.202
3.013
1.989
8.843
10.744
9.64
10.355
8.979
10.132
9.748
10.13
9.238
9.569
9.842
10.052
9.869
9.373
9.622
10.584
10.077
10.039
10.058
9.62
10.995
10.766
8.746
10.332
11.6
7.792
8.717
10.379
9.369
9.216
9.372
10.229
10.766
9.339
9.373
8.724
10.464
10.303
8.096
9.837
9.027
9.8
10.392
9.526
9.381
8.454
10.549
8.57
8.953
7.728
10.132
11.647
11.764
9.717
8.971
9.761
6.405
10.449
7.792
9.532
7.903
8.104
8.399
12.904
8.082
10.023
10.404
10
7.97
8.574
7.672
9.734
10.533
11.574
9.993
8.858
10.701
11.347
10.601
9.904
7.632
8.681
7.1
10.477
7.513
9.772
13.662
8.272
10.613
7.941
8.488
9.616
10.605
8.652
10.126
12.005
11.837
10.869
10.648
8.159
9.699
8.6
8.616
9.851
11.959
11.029
10.884
8.097
9.22
9.104
8.582
11.11
12.434
5.944
7.367
4.575
14.121
13.249
10.905
8.537
9.527
10.201
10.023
7.745
9.864
11.324
11.831
3.709
6.234
5.628
9.478
10.781
9.284
9.633
8.002
9.221
9.221
10.509
10.539
10.218
8.92
9.728
9.233
10.441
10.151
9.81
9.099
9.128
9.626
9.438
9.242
9.392
9.697
9.521
9.634
9.672
9.4
9.663
9.608
9.675
9.684
9.557
9.555
9.517
9.345
9.72
9.653
9.573
9.614
9.66
9.275
9.816
9.636
9.452
9.598
9.934
9.207
9.669
10.114
9.487
9.491
9.537
8.947
9.966
8.822
10.089
9.131
9.053
10.089
9.829
10.793
8.33
11.055
8.785
11.543
9.89
10.053
9.337
10.679
9.475
8.41
9.397
9.082
9.782
10.813
9.791
9.078
10.697
8.97
9.497
9.488
10.46
9.295
7.29
10.429
9.536
12.555
10.839
9.531
9.769
9.017
11.255
8.907
8.408
10.195
9.567
10.194
10.841
9.817
8.05
8.986
10.666
8.553
9.519
9.612
9.588
8.778
7.259
7.389
12.011
10.769
9.409
8.394
10.583
10.359
8.304
8.937
10.114
9.452
8.657
9.306
9.712
11.919
9.952
8.475
10.728
9.019
10.863
10.442
9.8
9.494
9.386
7.983
9.022
9.509
9.931
10.271
9.363
10.486
10.448
9.043
9.355
9.602
8.184
14.155
9.494
7.391
9.979
9.068
9.912
9.27
9.718
9.344
8.464
9.907
9.412
9.96
9.955
10.56
7.802
10.879
10.547
7.794
9.41
9.818
8.51
9.362
11.821
9.683
9.014
8.157
8.279
9.736
10.935
9.323
9.162
10.786
8.436
8.746
6.559
10.119
9.427
12.222
8.516
13.619
9.041
8.343
8.954
12.633
6.25
11.464
6.766
6.009
7.441
8.588
7.85
8.191
8.986
11.703
8.523
9.718
8.166
9.851
9.895
9.04
9.416
9.877
10.041
9.321
11.045
10.291
8.955
10.169
11.169
9.191
8.291
8.093
11.878
11.219
9.184
8.964
8.679
9.011
10.001
10.798
8.487
8.997
9.125
7.97
8.549
10.382
11.5
11.355
9.459
9.501
8.606
9.624
9.001
10.667
11.294
8.825
8.536
7.393
8.766
8.674
8.853
9.639
9.961
8.794
11.157
9.247
8.279
9.799
11.001
10.021
11.187
11.099
7.964
8.237
9.652
6.36
11.134
8.278
9.766
9.791
10.733
9.611
9.949
9.891
9.494
9.742
9.888
9.772
9.035
9.676
10.319
9.769
9.416
9.951
9.69
9.809
9.485
8.929
9.93
10.742
11.169
9.643
9.444
8.606
8.365
9.107
11.714
10.831
9.27
11.129
8.764
8.117
9.705
8.075
8.874
10.27
10.061
10.181
9.872
8.329
8.063
8.883
10.861
10.58
9.287
7.751
7.983
8.643
7.862
11.704
10.49
10.556
11.627
9.848
10.492
8.756
8.68
8.407
10.297
11.578
9.791
10.141
8.142
10.373
9.827
9.485
10.18
8.493
11.363
10.094
9.991
8.309
9.022
9.219
11.975
9.326
9.651
8.99
10.862
11.342
10.077
8.674
9.203
10.347
9.653
8.23
8.281
9.757
10.636
9.472
8.414
9.45
11.517
10.584
9.147
8.437
10.041
9.629
10.283
9.92
9.705
9.812
8.937
9.515
11.24
10.11
8.246
7.486
8.738
9.592
10.726
9.966
9.162
10.182
10.343
10.268
10.686