-0.215000
-0.455000
-0.580000
1.615000
-0.090000
-0.765000
-0.675000
-0.640000
-0.730000
-0.615000
-0.385000
-0.410000
-0.430000
-0.420000
-0.380000
-0.150000
-0.105000
-0.470000
0.220000
1.470000
-0.795000
-0.670000
-0.680000
-0.730000
-0.790000
-0.510000
-0.505000
-0.510000
-0.560000
-0.525000
-0.300000
-0.200000
-0.500000
-0.530000
2.400000
-0.790000
-0.705000
-0.660000
-0.670000
-0.730000
-0.555000
-0.380000
-0.440000
-0.475000
-0.445000
-0.300000
-0.135000
-0.375000
-0.530000
1.900000
-0.380000
-0.715000
-0.665000
-0.655000
-0.775000
-0.640000
-0.380000
-0.400000
-0.440000
-0.440000
-0.270000
-0.045000
-0.225000
-0.410000
1.300000
0.155000
-0.545000
-0.490000
-0.500000
-0.590000
-0.520000
-0.250000
-0.305000
-0.375000
-0.385000
-0.270000
-0.040000
-0.130000
-0.365000
0.790000
0.795000
-0.630000
-0.520000
-0.500000
-0.595000
-0.625000
-0.260000
-0.225000
-0.300000
-0.300000
-0.235000
0.035000
0.060000
-0.230000
0.635000
1.495000
-0.545000
-0.450000
-0.430000
-0.460000
-0.530000
-0.190000
-0.175000
-0.205000
-0.255000
-0.215000
0.070000
0.190000
-0.185000
0.205000
2.075000
-0.565000
-0.360000
-0.395000
-0.425000
-0.535000
-0.185000
-0.130000
-0.175000
-0.205000
-0.195000
0.045000
0.140000
-0.225000
-0.050000
2.390000
-0.610000
-0.420000
-0.390000
-0.430000
-0.540000
-0.275000
-0.120000
-0.160000
-0.215000
-0.190000
0.010000
0.145000
-0.130000
-0.290000
2.585000
-0.400000
-0.425000
-0.385000
-0.405000
-0.530000
-0.390000
-0.155000
-0.195000
-0.230000
-0.250000
-0.065000
0.115000
-0.075000
-0.235000
1.765000
0.215000
-0.425000
-0.405000
-0.360000
-0.480000
-0.435000
-0.120000
-0.170000
-0.205000
-0.220000
-0.140000
0.110000
0.090000
-0.180000
0.860000
1.020000
-0.525000
-0.420000
-0.420000
-0.490000
-0.525000
-0.205000
-0.195000
-0.265000
-0.305000
-0.265000
-0.010000
0.160000
-0.230000
0.040000
2.430000
-0.630000
-0.410000
-0.390000
-0.385000
-0.465000
-0.085000
-0.050000
-0.060000
-0.115000
-0.050000
0.140000
0.300000
-0.055000
-0.180000
2.655000
-0.310000
-0.295000
-0.305000
-0.280000
-0.425000
-0.295000
-0.055000
-0.050000
-0.100000
-0.115000
0.000000
0.235000
0.075000
-0.075000
1.270000
0.650000
-0.365000
-0.320000
-0.305000
-0.400000
-0.420000
-0.130000
-0.095000
-0.190000
0.115000
1.275000
2.565000
1.500000
-0.970000
-1.160000
-1.350000
-1.495000
-0.985000
-0.565000
-0.415000
-0.415000
-0.395000
-0.395000
-0.430000
-0.455000
-0.480000
-0.270000
-0.160000
-0.570000
-0.470000
2.170000
-1.065000
-0.960000
-0.940000
-0.965000
-1.065000
-0.950000
-0.745000
-0.900000
-0.925000
-0.940000
-0.800000
-0.595000
-0.915000
-1.040000
1.800000
-1.225000
-1.280000
-1.245000
-1.240000
-1.400000
-1.260000
-1.100000
-1.105000
-1.180000
-1.150000
-1.060000
-0.825000
-1.015000
-1.200000
0.435000
-0.545000
-1.425000
-1.345000
-1.300000
-1.375000
-1.390000
-1.020000
-1.025000
-1.015000
-1.045000
-0.940000
-0.665000
-0.640000
-0.930000
0.140000
0.490000
-1.135000
-1.070000
-1.005000
-1.100000
-1.170000
-0.775000
-0.705000
-0.795000
-0.730000
-0.710000
-0.415000
-0.250000
-0.595000
0.030000
2.080000
-0.820000
-0.620000
-0.600000
-0.620000
-0.705000
-0.295000
-0.180000
-0.200000
-0.240000
-0.205000
0.055000
0.245000
-0.075000
-0.070000
3.235000
-0.340000
-0.240000
-0.175000
-0.080000
-0.185000
0.090000
0.225000
0.250000
0.270000
0.300000
0.495000
0.725000
0.460000
0.330000
3.205000
0.440000
0.235000
0.285000
0.285000
0.175000
0.350000
0.595000
0.590000
0.545000
0.490000
0.660000
0.845000
0.655000
0.450000
2.365000
0.970000
0.125000
0.110000
0.090000
-0.080000
-0.060000
0.215000
0.150000
0.055000
-0.025000
-0.035000
0.170000
0.040000
-0.320000
0.665000
0.960000
-0.900000
-0.910000
-0.990000
-1.120000
-1.250000
-0.985000
-1.055000
-1.205000
-1.280000
-1.325000
-1.150000
-1.075000
-1.495000
-1.140000
1.080000
-2.050000
-1.810000
-1.810000
-1.850000
-1.970000
-1.690000
-1.685000
-1.725000
-1.760000
-1.730000
-1.525000
-1.375000
-1.665000
-1.745000
1.370000
-2.135000
-1.915000
-1.890000
-1.875000
-1.965000
-1.765000
-1.635000
-1.610000
-1.630000
-1.615000
-1.485000
-1.210000
-1.350000
-1.515000
0.230000
-0.885000
-1.650000
-1.585000
-1.480000
-1.530000
-1.495000
-1.200000
-1.180000
-1.195000
-1.195000
-1.130000
-0.860000
-0.680000
-1.015000
-0.700000
1.825000
-1.300000
-1.080000
-0.970000
-0.950000
-0.990000
-0.670000
-0.590000
-0.565000
-0.610000
-0.550000
-0.410000
-0.095000
-0.305000
-0.435000
1.450000
0.365000
-0.585000
-0.495000
-0.425000
-0.470000
-0.440000
-0.095000
-0.110000
-0.115000
-0.105000
-0.030000
0.185000
0.400000
0.095000
0.195000
3.095000
-0.195000
0.015000
0.095000
0.095000
0.025000
0.290000
0.390000
0.355000
0.300000
0.310000
0.445000
0.730000
0.535000
0.360000
1.960000
1.025000
0.140000
0.195000
0.230000
0.205000
0.215000
0.455000
0.465000
0.410000
0.395000
0.425000
0.700000
0.845000
0.460000
0.725000
3.055000
0.035000
0.260000
0.260000
0.265000
0.170000
0.375000
0.485000