4.995000
4.995000
4.780000
4.715000
4.725000
4.685000
4.715000
4.610000
4.435000
4.205000
4.635000
4.800000
4.830000
4.830000
4.850000
4.880000
4.875000
4.950000
4.960000
4.920000
4.915000
4.850000
4.845000
4.855000
4.835000
4.800000
4.810000
4.770000
4.750000
4.780000
4.790000
4.790000
4.805000
4.820000
4.810000
4.895000
5.015000
5.010000
4.770000
4.730000
4.770000
4.790000
4.845000
4.590000
4.205000
4.570000
4.820000
4.860000
4.850000
4.880000
4.940000
4.975000
5.005000
5.010000
5.020000
4.955000
4.930000
4.920000
4.895000
4.885000
4.855000
4.800000
4.800000
4.790000
4.805000
4.815000
4.825000
4.805000
4.840000
4.840000
4.905000
5.055000
5.000000
4.800000
4.810000
4.800000
4.775000
4.855000
4.515000
4.195000
4.660000
4.850000
4.835000
4.885000
4.915000
4.920000
4.995000
5.010000
4.990000
5.030000
4.935000
4.875000
4.880000
4.855000
4.810000
4.830000
4.775000
4.750000
4.780000
4.780000
4.770000
4.780000
4.800000
4.795000
4.785000
4.830000
4.890000
5.025000
5.055000
4.765000
4.755000
4.780000
4.765000
4.775000
4.610000
4.335000
4.355000
4.815000
4.835000
4.860000
4.870000
4.885000
4.925000
4.970000
4.960000
4.970000
4.920000
4.860000
4.870000
4.870000
4.830000
4.830000
4.805000
4.785000
4.780000
4.820000
4.800000
4.815000
4.850000
4.810000
4.880000
4.995000
5.055000
4.775000
4.780000
4.760000
4.795000
4.790000
4.605000
4.245000
4.535000
4.820000
4.840000
4.875000
4.915000
4.945000
4.990000
5.015000
5.030000
5.000000
4.920000
4.930000
4.910000
4.885000
4.880000
4.870000
4.710000
4.840000
4.890000
4.860000
4.875000
4.890000
4.895000
4.980000
5.075000
5.130000
4.835000
4.870000
4.825000
4.850000
4.760000
4.510000
4.175000
4.670000
4.905000
4.955000
5.055000
4.995000
5.060000
5.050000
5.115000
5.055000
5.045000
4.960000
4.925000
4.895000
4.900000
4.855000
4.815000
4.750000
4.760000
4.760000
4.760000
4.750000
4.765000
4.770000
4.755000
4.860000
4.965000
4.985000
4.735000
4.750000
4.740000
4.775000
4.655000
4.300000
4.265000
4.765000
4.810000
4.835000
4.835000
4.905000
4.930000
4.980000
5.010000
4.985000
4.920000
4.865000
4.855000
4.815000
4.840000
4.845000
4.815000
4.775000
4.785000
4.770000
4.745000
4.790000
4.800000
4.810000
4.830000
4.815000
4.910000
5.010000
5.060000
4.785000
4.800000
4.770000
4.780000
4.740000
4.535000
4.330000
4.250000
4.760000
4.865000
4.880000
4.905000
4.900000
4.930000
4.985000
5.010000
5.000000
4.975000
4.875000
4.855000
4.815000
4.820000
4.800000
4.770000
4.740000
4.710000
4.715000
4.725000
4.740000
4.775000
4.765000
4.775000
4.760000
4.770000
4.780000
4.875000
4.970000
4.860000
4.735000
4.720000
4.730000
4.735000
4.725000
4.385000
4.105000
4.595000
4.835000
4.830000
4.870000
4.875000
4.890000
4.960000
4.970000
4.970000
4.945000
4.885000
4.840000
4.830000
4.835000
4.800000
4.790000
4.770000
4.720000
4.745000
4.735000
4.755000
4.775000
4.765000
4.760000
4.785000
4.845000
4.965000
4.835000
4.715000
4.690000
4.690000
4.710000
4.685000
4.325000
4.115000
4.605000
4.780000
4.825000
4.820000
4.850000
4.890000
4.920000
4.955000
4.935000
4.845000
4.795000
4.790000
4.765000
4.765000
4.780000
4.710000
4.715000
4.705000
4.690000
4.695000
4.745000
4.730000
4.705000
4.760000
4.735000
4.810000
4.970000
4.980000
4.710000
4.690000
4.710000
4.715000
4.760000
4.485000
4.190000
4.430000
4.800000
4.840000
4.845000
4.860000
4.895000
4.940000
4.965000
4.970000
4.920000
4.870000
4.855000
4.865000
4.830000
4.820000
4.820000
4.795000
4.780000
4.820000
4.810000
4.820000
4.830000
4.835000
4.860000
4.950000
5.060000
4.865000
4.820000
4.815000
4.810000
4.825000
4.625000
4.355000
4.415000
4.895000
4.920000
4.950000
4.955000
4.995000
5.070000
5.090000
5.060000
4.990000
4.940000
4.915000
4.925000
4.890000
4.870000
4.870000
4.695000
5.185000
5.240000
4.795000
4.790000
4.795000
4.740000
4.760000
4.840000
4.950000
4.860000
4.715000
4.725000
4.775000
4.795000
4.795000
4.810000
4.845000
4.835000
4.850000
4.895000
4.885000
4.900000
4.890000
4.900000
4.930000
4.935000
4.920000
4.965000
4.930000
4.945000
4.925000
4.960000
4.940000
4.920000
4.945000
4.930000
4.950000
4.960000
4.940000
4.950000
4.945000
4.950000
5.070000
5.185000
4.940000
4.895000
4.900000
4.895000
4.945000
4.675000
4.365000
4.625000
4.965000
4.985000
4.990000
5.005000
5.020000
5.050000
5.075000
5.080000
5.070000
5.065000
5.015000
5.005000
5.005000
4.975000
4.980000
4.975000
4.910000
4.880000
4.875000
4.895000
4.920000
4.940000
4.945000
4.945000
4.950000
4.980000
5.065000
5.165000
5.020000
4.915000
4.920000
4.910000
4.905000
4.945000
4.610000
4.295000
4.725000
4.990000
5.005000
5.040000
5.045000
5.065000
5.120000
5.130000
5.155000
5.155000
5.080000
5.010000
4.995000
4.980000
4.950000
4.950000
4.930000
4.885000
4.900000
4.885000
4.890000
4.915000
4.935000
4.915000
4.925000
4.920000
4.925000
4.940000
5.015000
5.135000
4.970000
4.870000
4.840000
4.865000
4.840000
4.800000
4.495000
4.230000
4.705000
4.950000
4.965000
4.960000
5.020000
5.065000
5.090000
5.145000
5.115000
5.035000
4.990000
4.960000
4.945000
4.930000
4.910000
4.880000
4.835000
4.835000
4.835000
4.885000
4.870000
4.855000
4.865000
4.855000
4.860000
4.880000
4.875000
4.925000
5.075000
4.950000
4.815000
4.830000
4.805000
4.805000
4.630000
4.350000
4.340000
4.885000
4.925000
4.925000
4.945000
4.990000
5.040000
5.090000
5.105000
5.065000
5.015000
4.955000
4.915000
4.920000
4.895000
4.925000
4.835000
4.860000
4.845000
4.810000
4.915000
4.905000
4.865000
4.910000
4.900000
4.910000
4.935000
4.900000