0.424
-0.37
-0.36
0.408
-1.093
0.978
0.824
-0.01
0.305
-0.354
1.198
-0.784
0.673
0.338
0.946
0.277
0.04
1.925
-0.345
0.696
0.153
0.472
0.259
0.637
0.199
-0.292
0.127
-0.572
0.353
-0.108
0.954
-0.378
-0.376
0.567
0.791
0.982
-0.907
-0.193
-0.651
2.208
0.891
-0.612
-0.649
-0.316
1.093
-0.551
-0.027
1.131
0.31
-0.415
-0.475
0.687
0.641
1.028
-0.876
0.292
0.184
-0.328
0.882
-0.919
0.899
-1.32
-0.667
-0.037
-0.261
-0.585
1.043
-0.543
-0.499
-1.276
0.553
0.223
0.582
-0.864
-0.083
0.174
0.036
-0.839
0.443
0.038
0.35
-1.191
0.345
0.491
-0.14
-0.196
-0.124
-0.577
-0.397
-0.882
-0.522
-0.28
-0.455
-0.537
-0.692
-0.575
-0.22
-0.341
-0.183
-0.169
-0.396
-0.219
-0.417
-0.132
-0.28
-0.401
-0.253
-0.217
-0.385
-0.196
-0.306
-0.253
-0.282
-0.168
-0.282
-0.162
-0.115
-0.245
-0.166
-0.208
-0.17
-0.196
-0.183
-0.162
-0.2
-0.126
-0.109
-0.001
-0.261
-0.085
0.028
0.042
-0.105
0.052
-0.033
0.032
0.144
-0.297
-0.244
-0.43
-0.281
-0.248
-0.377
-0.379
-0.34
0.024
-0.359
-0.108
-0.132
-0.169
0.187
0.348
0.259
0.43
0.692
0.371
-0.369
-1.014
-0.063
-0.199
-0.948
0.126
-0.012
-0.487
0.358
-0.364
-0.417
0.21
-0.285
-0.602
-0.032
-0.545
-0.032
-0.112
-0.717
-0.152
0.157
-0.525
-0.073
-1.007
0.311
0.114
0.146
-0.01
-1.04
0.441
-0.457
0.512
0.073
-0.361
0.199
-0.97
-0.5
0.181
1.031
-0.646
1.281
-0.682
1.471
0.156
0.262
-0.369
0.205
-0.029
0.381
0.375
-0.14
0.233
-0.288
1.795
0.268
0.078
-0.371
-0.184
0.822
-0.529
-0.622
0.014
1.137
-0.135
-0.472
1.1
0.66
-0.417
0.456
0.336
0.734
-0.251
0.503
0.362
0.242
1.148
-0.29
0.168
-0.172
0.093
-0.203
0.181
-0.138
0.834
0.73
-0.584
-0.436
-0.072
-0.904
-0.186
-0.168
0.591
-0.563
0.759
0.445
-0.879
0.277
-0.016
-1.196
-0.329
-0.117
1.131
1.555
1.081
-0.739
-0.542
0.482
0.424
0.909
0.426
-0.648
0.095
-0.393
0.633
-0.481
0.534
-0.609
0.269
-0.505
0.089
-0.436
0.833
-0.013
-0.361
-0.049
0.357
0.126
-0.145
-0.395
-0.475
-0.317
-0.361
-0.34
-0.268
-0.442
-0.339
-0.603
-0.524
-0.515
-0.29
-0.377
-0.365
-0.278
-0.466
-0.355
-0.415
-0.151
-0.48
-0.333
-0.535
-0.274
-0.479
-0.174
-0.485
-0.559
-0.364
-0.595
-0.405
-0.539
-0.517
-0.365
-0.243
-0.612
-0.456
-0.418
-0.486
-0.713
-0.6
-0.616
-0.504
-0.377
-0.347
-0.406
-0.43
-0.44
-0.429
-0.484
-0.771
-0.326
-0.351
-0.405
-0.466
-0.503
-0.226
-0.525
-0.48
-0.299
-0.522
-0.388
-0.479
-0.324
-0.303
-0.515
-0.365
-0.304
-0.261
2.102
0.149
1.877
1.207
1.504
1.322
1.528
1.267
0.928
0.519
0.648
0.799
1.128
1.588
2.582
2.123
1.6
0.904
0.374
0.988
0.716
1.216
1.544
0.78
1.77
0.648
0.752
0.392
1.033
1.459
0.97
1.694
0.384
1.268
0.276
0.829
1.805
1.093
1.317
-0.307
0.341
0.113
1.392
0.552
1.673
1.273
0.55
1.529
2.077
1.348
0.655
0.46
2.009
0.618
1.322
1.682
0.086
-0.705
1.234
0.053
2.068
-0.044
0.046
2.253
0.593
1.37
1.023
1.233
-0.029
0.762
0.584
1.432
1.315
0.935
0.034
0.845
0.304
0.957
0.853
0.835
1.194
2.312
1.364
0.922
0.727
0.769
1.126
1.027
0.812
0.861
0.921
0.827
0.906
0.981
0.9
0.875
1.005
1.021
0.977
0.859
0.886
0.929
0.76
0.853
0.854
0.782
0.76
0.663
0.748
0.843
0.747
0.669
0.665
0.631
0.702
0.774
0.718
0.71
0.762
0.707
0.709
0.651
0.672
0.715
0.691
0.675
0.655
0.704
0.513
0.587
0.483
0.636
0.376
0.515
0.554
0.543
0.635
0.644
0.443
0.28
0.128
0.223
0.23
0.459
0.467
0.722
0.351
0.667
0.502
0.377
0.499
0.541
0.24
0.405
0.333
1.031
0.57
0.416
0.295
1.415
0.553
0.742
0.805
0.917
0.022
-0.358
0.938
0.978
0.469
0.061
-0.203
0.595
0.977
0.933
0.546
0.402
1.025
1.191
0.993
0.315
1.406
1.273
1.686
1.331
1.371
1.05
-0.213
1.239
1.522
1.364
0.942
0.564
0.383
0.525
1.097
0.163
0.452
1.305
1.126
1.311
1.523
2.115
1.578
1.613
1.888
1.185
-0.255
0.93
-0.113
0.393
1.646
0.954
1.861
1.328
1.23
1.313
0.971
0.138
0.132
0.639
0.645
1.487
0.735
1.592
0.659
1.497
1.404
1.84
1.483
1.628
0.519
0.994
-0.055
0.827
1.809
1.516
1.811
1.561
1.039
-0.079
0.088
1.524
1.481
1.742
0.898
0.945
-0.04
0.948
1.574
-0.555
0.587
0.55
0.818
1
-0.306
0.43
1.311
0.753
-0.28
-0.396
2.186
2.659
2.175
1.158
0.317
-0.282
1.001
2.325
1.579
1.689
1.377
1.997
0.905
1.65
1.228
1.904
1.773
1.34
0.266
1.656
1.456
1.607
1.724
1.463
1.42
1.325
1.412
1.401
1.285
1.463
1.322
1.382
1.25
1.307
1.274
1.317
1.23
1.333
1.29
1.322
1.412
1.347
1.384
1.3
1.461
1.534
1.461
1.45
1.616
1.464
1.432
1.269
1.273
1.451
1.337
1.412
1.41
1.505
1.221
1.189
1.195
1.37
1.352
1.445
1.102
1.042
1.154
1.128
1.09
1.146
1.108
1.12
1.085
1.103
1.286
1.244
1.218
1.226
1.181
1.279
1.248
1.248
1.388
1.243
1.328
1.242
1.346
1.342
1.206
1.292
1.389
1.495
9.853
10.452
9.943
8.458
8.298
10.326
11.58
9.986
8.165
8.223
9.733
7.714
9.921
12.04
10.147
10.18
7.832
8.743
9.635
8.905
9.549
10.066
10.982
11.033
10.229
9.078
8.973
11.388
10.475
10.827
10.405
10.827
10.071
8.779
8.823
10.286
7.745
8.399
8.949
9.713
9.339
10.589
8.243
10.754
9.918
9.778
10.643
12.552
9.92
9.395
11.385
12.017
10.294
11.416
11.264
8.135
10.068
8.596
9.655
10.605
10.596
10.187
11.772
9.432
11.975
9.537
8.885
8.13
11.087
8.074
11.05
10.009
11.855
10.295
9.693
9.602
8.656
10.045
9.994
8.685
8.419
8.495
10.956
10.505
9.902
9.496
9.574
9.208
10.205
9.697
9.739
9.47
9.787
9.409
9.519
9.748
9.424
9.791
9.819
9.651
9.699
9.864
10.022
9.733
9.943
9.966
10.09
9.718
9.918
9.554
9.869
9.902
9.664
9.881
9.734
10.055
9.691
9.661
9.696
9.502
9.778
9.696
9.767
9.691
9.764
9.706
9.799
9.659
9.711
9.168
9.665
9.521
9.743
9.575
9.67
9.898
9.49
9.608
9.73
9.982
9.987
10.074
9.572
9.511
9.626
9.503
9.606
9.742
9.669
9.835
9.762
9.426
10.292
9.679
9.736
9.847
9.634
10.054
9.247
9.652
8.852
10.89
9.925
8.898
9.578
11.458
9.778
9.661
9.798
11.328
9.239
9.484
9.319
8.98
8.434
10.337
9.465
9.021
8.681
9.541
8.823
10.733
9.568
8.825
9.163
10.216
11.904
10.413
9.581
8.84
9.156
9.415
10.077
10.763
8.692
12.957
9.964
10.264
10.938
10.503
8.993
9.711
7.648
8.829
7.466
8.889
9.551
9.993
12.889
11.058
10.243
11.389
9.045
8.049
9.559
7.935
10.695
10.022
10.502
10.046
7.654
9.221
9.623
10.539
10.31
10.842
10.394
11.033
9.483
8.011
7.1
9.016
11.847
9.9
9.559
9.335
8.71
8.466
8.85
10.311
10.599
10.484
9.757
9.088
8.487
9.283
10.365
9.621
9.505
11.962
10.264
7.996
11.043
9.264
10.666
10.475
7.687
8.237
7.364
8.622
10.969
8.369
8.003
8.57
9.12
11.415
10.247
10.276
8.235
8.466
8.978
9.951
9.146
10.357
11.242
10.116
9.119
9.131
10.709
8.498
9.138
10.163
9.767
9.884
9.72
9.632
9.367
9.225
9.621
9.566
9.483
9.707
9.732
9.643
9.623
9.458
9.762
9.645
9.807
9.56
9.854
10.07
9.21
9.605
9.665
9.163
9.655
9.442
9.084
9.635
9.326
9.531
9.671
9.053
9.459
9.102
9.69
9.622
9.21
9.403
9.501
9.55
9.484
9.289
9.584
9.86
9.424
9.58
9.624
9.524
9.52
9.714
9.69
9.712
9.655
9.384
9.665
9.696
9.819
9.772
9.61
9.543
9.678
9.731
9.476
9.582
9.673
9.594
9.702
9.363
9.596
9.464