0.0
0.125333233564
0.248689887165
0.368124552685
0.481753674102
0.587785252292
0.684547105929
0.770513242776
0.844327925502
0.904827052466
0.951056516295
0.982287250729
0.998026728428
0.998026728428
0.982287250729
0.951056516295
0.904827052466
0.844327925502
0.770513242776
0.684547105929
0.587785252292
0.481753674102
0.368124552685
0.248689887165
0.125333233564
1.22464679915e-16
-0.125333233564
-0.248689887165
-0.368124552685
-0.481753674102
-0.587785252292
-0.684547105929
-0.770513242776
-0.844327925502
-0.904827052466
-0.951056516295
-0.982287250729
-0.998026728428
-0.998026728428
-0.982287250729
-0.951056516295
-0.904827052466
-0.844327925502
-0.770513242776
-0.684547105929
-0.587785252292
-0.481753674102
-0.368124552685
-0.248689887165
-0.125333233564
0.0
0.125333233564
0.248689887165
0.368124552685
0.481753674102
0.587785252292
0.684547105929
0.770513242776
0.844327925502
0.904827052466
0.951056516295
0.982287250729
0.998026728428
0.998026728428
0.982287250729
0.951056516295
0.904827052466
0.844327925502
0.770513242776
0.684547105929
0.587785252292
0.481753674102
0.368124552685
0.248689887165
0.125333233564
1.22464679915e-16
-0.125333233564
-0.248689887165
-0.368124552685
-0.481753674102
-0.587785252292
-0.684547105929
-0.770513242776
-0.844327925502
-0.904827052466
-0.951056516295
-0.982287250729
-0.998026728428
-0.998026728428
-0.982287250729
-0.951056516295
-0.904827052466
-0.844327925502
-0.770513242776
-0.684547105929
-0.587785252292
-0.481753674102
-0.368124552685
-0.248689887165
-0.125333233564
0.0
0.125333233564
0.248689887165
0.368124552685
0.481753674102
0.587785252292
0.684547105929
0.770513242776
0.844327925502
0.904827052466
0.951056516295
0.982287250729
0.998026728428
0.998026728428
0.982287250729
0.951056516295
0.904827052466
0.844327925502
0.770513242776
0.684547105929
0.587785252292
0.481753674102
0.368124552685
0.248689887165
0.125333233564
1.22464679915e-16
-0.125333233564
-0.248689887165
-0.368124552685
-0.481753674102
-0.587785252292
-0.684547105929
-0.770513242776
-0.844327925502
-0.904827052466
-0.951056516295
-0.982287250729
-0.998026728428
-0.998026728428
-0.982287250729
-0.951056516295
-0.904827052466
-0.844327925502
-0.770513242776
-0.684547105929
-0.587785252292
-0.481753674102
-0.368124552685
-0.248689887165
-0.125333233564
0.0
0.125333233564
0.248689887165
0.368124552685
0.481753674102
0.587785252292
0.684547105929
0.770513242776
0.844327925502
0.904827052466
0.951056516295
0.982287250729
0.998026728428
0.998026728428
0.982287250729
0.951056516295
0.904827052466
0.844327925502
0.770513242776
0.684547105929
0.587785252292
0.481753674102
0.368124552685
0.248689887165
0.125333233564
1.22464679915e-16
-0.125333233564
-0.248689887165
-0.368124552685
-0.481753674102
-0.587785252292
-0.684547105929
-0.770513242776
-0.844327925502
-0.904827052466
-0.951056516295
-0.982287250729
-0.998026728428
-0.998026728428
-0.982287250729
-0.951056516295
-0.904827052466
-0.844327925502
-0.770513242776
-0.684547105929
-0.587785252292
-0.481753674102
-0.368124552685
-0.248689887165
-0.125333233564
0.0565624338992
0.022532511721
0.00605595515605
0.0365749967744
0.011127923126
0.0135869047122
0.0838506495404
0.0991284927235
0.0908353971154
0.037376376295
0.0418661514729
0.0242278845793
0.0917643808265
0.0717831000106
0.0417003457287
0.0229190946844
0.0983683767591
0.00565578933369
0.0344170720408
0.0679746277929
0.0809816020362
0.0225867103136
0.0502086354302
0.0894898728528
0.0568572340889
0.0760637045114
0.0743640251619
0.0431101074172
0.00115589976859
0.0595184572793
0.0418641573897
0.00165487393072
0.0737168210643
0.0475108788413
0.00908186878061
0.00491837652288
0.00299445922722
0.0558395426005
0.0528897219311
0.0345925039181
0.0645665929097
0.07849190837
0.0788105970687
0.055990109336
0.0385050895318
0.0349835394507
0.0811625559322
0.0276467440708
0.0605794860989
0.0703762966606
0.0
0.125333233564
0.248689887165
0.368124552685
0.481753674102
0.587785252292
0.684547105929
0.770513242776
0.844327925502
0.904827052466
0.951056516295
0.982287250729
0.998026728428
0.998026728428
0.982287250729
0.951056516295
0.904827052466
0.844327925502
0.770513242776
0.684547105929
0.587785252292
0.481753674102
0.368124552685
0.248689887165
0.125333233564
1.22464679915e-16
-0.125333233564
-0.248689887165
-0.368124552685
-0.481753674102
-0.587785252292
-0.684547105929
-0.770513242776
-0.844327925502
-0.904827052466
-0.951056516295
-0.982287250729
-0.998026728428
-0.998026728428
-0.982287250729
-0.951056516295
-0.904827052466
-0.844327925502
-0.770513242776
-0.684547105929
-0.587785252292
-0.481753674102
-0.368124552685
-0.248689887165
-0.125333233564
0.0
0.125333233564
0.248689887165
0.368124552685
0.481753674102
0.587785252292
0.684547105929
0.770513242776
0.844327925502
0.904827052466
0.951056516295
0.982287250729
0.998026728428
0.998026728428
0.982287250729
0.951056516295
0.904827052466
0.844327925502
0.770513242776
0.684547105929
0.587785252292
0.481753674102
0.368124552685
0.248689887165
0.125333233564
1.22464679915e-16
-0.125333233564
-0.248689887165
-0.368124552685
-0.481753674102
-0.587785252292
-0.684547105929
-0.770513242776
-0.844327925502
-0.904827052466
-0.951056516295
-0.982287250729
-0.998026728428
-0.998026728428
-0.982287250729
-0.951056516295
-0.904827052466
-0.844327925502
-0.770513242776
-0.684547105929
-0.587785252292
-0.481753674102
-0.368124552685
-0.248689887165
-0.125333233564
0.0
0.125333233564
0.248689887165
0.368124552685
0.481753674102
0.587785252292
0.684547105929
0.770513242776
0.844327925502
0.904827052466
0.951056516295
0.982287250729
0.998026728428
0.998026728428
0.982287250729
0.951056516295
0.904827052466
0.844327925502
0.770513242776
0.684547105929
0.587785252292
0.481753674102
0.368124552685
0.248689887165
0.125333233564
1.22464679915e-16
-0.125333233564
-0.248689887165
-0.368124552685
-0.481753674102
-0.587785252292
-0.684547105929
-0.770513242776
-0.844327925502
-0.904827052466
-0.951056516295
-0.982287250729
-0.998026728428
-0.998026728428
-0.982287250729
-0.951056516295
-0.904827052466
-0.844327925502
-0.770513242776
-0.684547105929
-0.587785252292
-0.481753674102
-0.368124552685
-0.248689887165
-0.125333233564
0.0
0.125333233564
0.248689887165
0.368124552685
0.481753674102
0.587785252292
0.684547105929
0.770513242776
0.844327925502
0.904827052466
0.951056516295
0.982287250729
0.998026728428
0.998026728428
0.982287250729
0.951056516295
0.904827052466
0.844327925502
0.770513242776
0.684547105929
0.587785252292
0.481753674102
0.368124552685
0.248689887165
0.125333233564
1.22464679915e-16
-0.125333233564
-0.248689887165
-0.368124552685
-0.481753674102
-0.587785252292
-0.684547105929
-0.770513242776
-0.844327925502
-0.904827052466
-0.951056516295
-0.982287250729
-0.998026728428
-0.998026728428
-0.982287250729
-0.951056516295
-0.904827052466
-0.844327925502
-0.770513242776
-0.684547105929
-0.587785252292
-0.481753674102
-0.368124552685
-0.248689887165
-0.125333233564
0.0
0.125333233564
0.248689887165
0.368124552685
0.481753674102
0.587785252292
0.684547105929
0.770513242776
0.844327925502
0.904827052466
0.951056516295
0.982287250729
0.998026728428
0.998026728428
0.982287250729
0.951056516295
0.904827052466
0.844327925502
0.770513242776
0.684547105929
0.587785252292
0.481753674102
0.368124552685
0.248689887165
0.125333233564
1.22464679915e-16
-0.125333233564
-0.248689887165
-0.368124552685
-0.481753674102
-0.587785252292
-0.684547105929
-0.770513242776
-0.844327925502
-0.904827052466
-0.951056516295
-0.982287250729
-0.998026728428
-0.998026728428
-0.982287250729
-0.951056516295
-0.904827052466
-0.844327925502
-0.770513242776
-0.684547105929
-0.587785252292
-0.481753674102
-0.368124552685
-0.248689887165
-0.125333233564
0.0
0.125333233564
0.248689887165
0.368124552685
0.481753674102
0.587785252292
0.684547105929
0.770513242776
0.844327925502
0.904827052466
0.951056516295
0.982287250729
0.998026728428
0.998026728428
0.982287250729
0.951056516295
0.904827052466
0.844327925502
0.770513242776
0.684547105929
0.587785252292
0.481753674102
0.368124552685
0.248689887165
0.125333233564
1.22464679915e-16
-0.125333233564
-0.248689887165
-0.368124552685
-0.481753674102
-0.587785252292
-0.684547105929
-0.770513242776
-0.844327925502
-0.904827052466
-0.951056516295
-0.982287250729
-0.998026728428
-0.998026728428
-0.982287250729
-0.951056516295
-0.904827052466
-0.844327925502
-0.770513242776
-0.684547105929
-0.587785252292
-0.481753674102
-0.368124552685
-0.248689887165
-0.125333233564
0.0
0.125333233564
0.248689887165
0.368124552685
0.481753674102
0.587785252292
0.684547105929
0.770513242776
0.844327925502
0.904827052466
0.951056516295
0.982287250729
0.998026728428
0.998026728428
0.982287250729
0.951056516295
0.904827052466
0.844327925502
0.770513242776
0.684547105929
0.587785252292
0.481753674102
0.368124552685
0.248689887165
0.125333233564
1.22464679915e-16
-0.125333233564
-0.248689887165
-0.368124552685
-0.481753674102
-0.587785252292
-0.684547105929
-0.770513242776
-0.844327925502
-0.904827052466
-0.951056516295
-0.982287250729
-0.998026728428
-0.998026728428
-0.982287250729
-0.951056516295
-0.904827052466
-0.844327925502
-0.770513242776
-0.684547105929
-0.587785252292
-0.481753674102
-0.368124552685
-0.248689887165
-0.125333233564
0.0
0.125333233564
0.248689887165
0.368124552685
0.481753674102
0.587785252292
0.684547105929
0.770513242776
0.844327925502
0.904827052466
0.951056516295
0.982287250729
0.998026728428
0.998026728428
0.982287250729
0.951056516295
0.904827052466
0.844327925502
0.770513242776
0.684547105929
0.587785252292
0.481753674102
0.368124552685
0.248689887165
0.125333233564
1.22464679915e-16
-0.125333233564
-0.248689887165
-0.368124552685
-0.481753674102
-0.587785252292
-0.684547105929
-0.770513242776
-0.844327925502
-0.904827052466
-0.951056516295
-0.982287250729
-0.998026728428
-0.998026728428
-0.982287250729
-0.951056516295
-0.904827052466
-0.844327925502
-0.770513242776
-0.684547105929
-0.587785252292
-0.481753674102
-0.368124552685
-0.248689887165
-0.125333233564
0.0
0.125333233564
0.248689887165
0.368124552685
0.481753674102
0.587785252292
0.684547105929
0.770513242776
0.844327925502
0.904827052466
0.951056516295
0.982287250729
0.998026728428
0.998026728428
0.982287250729
0.951056516295
0.904827052466
0.844327925502
0.770513242776
0.684547105929
0.587785252292
0.481753674102
0.368124552685
0.248689887165
0.125333233564
1.22464679915e-16
-0.125333233564
-0.248689887165
-0.368124552685
-0.481753674102
-0.587785252292
-0.684547105929
-0.770513242776
-0.844327925502
-0.904827052466
-0.951056516295
-0.982287250729
-0.998026728428
-0.998026728428
-0.982287250729
-0.951056516295
-0.904827052466
-0.844327925502
-0.770513242776
-0.684547105929
-0.587785252292
-0.481753674102
-0.368124552685
-0.248689887165
-0.125333233564
0.0
0.125333233564
0.248689887165
0.368124552685
0.481753674102
0.587785252292
0.684547105929
0.770513242776
0.844327925502
0.904827052466
0.951056516295
0.982287250729
0.998026728428
0.998026728428
0.982287250729
0.951056516295
0.904827052466
0.844327925502
0.770513242776
0.684547105929
0.587785252292
0.481753674102
0.368124552685
0.248689887165
0.125333233564
1.22464679915e-16
-0.125333233564
-0.248689887165
-0.368124552685
-0.481753674102
-0.587785252292
-0.684547105929
-0.770513242776
-0.844327925502
-0.904827052466
-0.951056516295
-0.982287250729
-0.998026728428
-0.998026728428
-0.982287250729
-0.951056516295
-0.904827052466
-0.844327925502
-0.770513242776
-0.684547105929
-0.587785252292
-0.481753674102
-0.368124552685
-0.248689887165
-0.125333233564
0.0
0.125333233564
0.248689887165
0.368124552685
0.481753674102
0.587785252292
0.684547105929
0.770513242776
0.844327925502
0.904827052466
0.951056516295
0.982287250729
0.998026728428
0.998026728428
0.982287250729
0.951056516295
0.904827052466
0.844327925502
0.770513242776
0.684547105929
0.587785252292
0.481753674102
0.368124552685
0.248689887165
0.125333233564
1.22464679915e-16
-0.125333233564
-0.248689887165
-0.368124552685
-0.481753674102
-0.587785252292
-0.684547105929
-0.770513242776
-0.844327925502
-0.904827052466
-0.951056516295
-0.982287250729
-0.998026728428
-0.998026728428
-0.982287250729
-0.951056516295
-0.904827052466
-0.844327925502
-0.770513242776
-0.684547105929
-0.587785252292
-0.481753674102
-0.368124552685
-0.248689887165
-0.125333233564
0.0660931017111
0.0620317156752
0.063712994287
0.0866084982359
0.0082438719122
0.00119717411142
0.0427391546914
0.0157474315266
0.0601278959741
0.0591478242558
0.008308552266
0.104250197293
0.215522015361
0.390877599222
0.403983446818
0.599350064463
0.698269547672
0.715581594989
0.839179157423
0.965776247348
1.09450506575
1.13417166463
1.23582596408
1.3052129999
1.41485937283
1.59186811673
1.42775240412
1.34417109658
1.27732223145
1.18252715626
1.02939967673
0.900481866528
0.83673674441
0.701038800306
0.661572601784
0.503541116859
0.478719821861
0.344322527191
0.26163919396
0.195965089799
0.0814733128772
0.0338198563005
0.0617648546103
0.0382480329384
0.00671748801857
0.0273543700865
0.0894788394425
0.0764841519267
0.0588708338553
0.0827726415992
0.0932760454155
1.55565481107
1.52553000963
1.56792519553
1.57456685183
1.50253913771
1.58688503192
1.59080983267
1.5390093606
1.57389102095
1.56510405622
1.57960868978
1.51619866368
1.51889317862
1.50807765212
1.51583733678
1.51402083712
1.50285723616
1.51883472317
1.51949312646
1.59958580151
1.52558536735
1.58131296286
1.5425003878
1.52129891959
1.50120947611
0.0963405998885
0.049441952386
0.0359154055843
0.0923230362873
0.0493055738928
0.026617971376
0.00562159876467
0.0151870769604
0.0977887146695
0.0806764014024
0.0565929709015
0.0868893731835
0.0811328456357
0.0528493433722
0.0973161597555
0.0207493743437
0.0576804333108
0.0943277226254
0.0882552760156
0.0133398736596
0.0290553814315
0.0424680988204
0.0845215632739
0.0534379989236
0.00487232525764
0.0660931017111
0.0620317156752
0.063712994287
0.0866084982359
0.0082438719122
0.00119717411142
0.0427391546914
0.0157474315266
0.0601278959741
0.0591478242558
0.008308552266
0.104250197293
0.215522015361
0.390877599222
0.403983446818
0.599350064463
0.698269547672
0.715581594989
0.839179157423
0.965776247348
1.09450506575
1.13417166463
1.23582596408
1.3052129999
1.41485937283
1.59186811673
1.42775240412
1.34417109658
1.27732223145
1.18252715626
1.02939967673
0.900481866528
0.83673674441
0.701038800306
0.661572601784
0.503541116859
0.478719821861
0.344322527191
0.26163919396
0.195965089799
0.0814733128772
0.0338198563005
0.0617648546103
0.0382480329384
0.00671748801857
0.0273543700865
0.0894788394425
0.0764841519267
0.0588708338553
0.0827726415992
0.0932760454155
1.55565481107
1.52553000963
1.56792519553
1.57456685183
1.50253913771
1.58688503192
1.59080983267
1.5390093606
1.57389102095
1.56510405622
1.57960868978
1.51619866368
1.51889317862
1.50807765212
1.51583733678
1.51402083712
1.50285723616
1.51883472317
1.51949312646
1.59958580151
1.52558536735
1.58131296286
1.5425003878
1.52129891959
1.50120947611
0.0963405998885
0.049441952386
0.0359154055843
0.0923230362873
0.0493055738928
0.026617971376
0.00562159876467
0.0151870769604
0.0977887146695
0.0806764014024
0.0565929709015
0.0868893731835
0.0811328456357
0.0528493433722
0.0973161597555
0.0207493743437
0.0576804333108
0.0943277226254
0.0882552760156
0.0133398736596
0.0290553814315
0.0424680988204
0.0845215632739
0.0534379989236
0.00487232525764
0.0660931017111
0.0620317156752
0.063712994287
0.0866084982359
0.0082438719122
0.00119717411142
0.0427391546914
0.0157474315266
0.0601278959741
0.0591478242558
0.008308552266
0.104250197293
0.215522015361
0.390877599222
0.403983446818
0.599350064463
0.698269547672
0.715581594989
0.839179157423
0.965776247348
1.09450506575
1.13417166463
1.23582596408
1.3052129999
1.41485937283
1.59186811673
1.42775240412
1.34417109658
1.27732223145
1.18252715626
1.02939967673
0.900481866528
0.83673674441
0.701038800306
0.661572601784
0.503541116859
0.478719821861
0.344322527191
0.26163919396
0.195965089799
0.0814733128772
0.0338198563005
0.0617648546103
0.0382480329384
0.00671748801857
0.0273543700865
0.0894788394425
0.0764841519267
0.0588708338553
0.0827726415992
0.0932760454155
1.55565481107
1.52553000963
1.56792519553
1.57456685183
1.50253913771
1.58688503192
1.59080983267
1.5390093606
1.57389102095
1.56510405622
1.57960868978
1.51619866368
1.51889317862
1.50807765212
1.51583733678
1.51402083712
1.50285723616
1.51883472317
1.51949312646
1.59958580151
1.52558536735
1.58131296286
1.5425003878
1.52129891959
1.50120947611
0.0963405998885
0.049441952386
0.0359154055843
0.0923230362873
0.0493055738928
0.026617971376
0.00562159876467
0.0151870769604
0.0977887146695
0.0806764014024
0.0565929709015
0.0868893731835
0.0811328456357
0.0528493433722
0.0973161597555
0.0207493743437
0.0576804333108
0.0943277226254
0.0882552760156
0.0133398736596
0.0290553814315
0.0424680988204
0.0845215632739
0.0534379989236
0.00487232525764
0.0660931017111
0.0620317156752
0.063712994287
0.0866084982359
0.0082438719122
0.00119717411142
0.0427391546914
0.0157474315266
0.0601278959741
0.0591478242558
0.008308552266
0.104250197293
0.215522015361
0.390877599222
0.403983446818
0.599350064463
0.698269547672
0.715581594989
0.839179157423
0.965776247348
1.09450506575
1.13417166463
1.23582596408
1.3052129999
1.41485937283
1.59186811673
1.42775240412
1.34417109658
1.27732223145
1.18252715626
1.02939967673
0.900481866528
0.83673674441
0.701038800306
0.661572601784
0.503541116859
0.478719821861
0.344322527191
0.26163919396
0.195965089799
0.0814733128772
0.0338198563005
0.0617648546103
0.0382480329384
0.00671748801857
0.0273543700865
0.0894788394425
0.0764841519267
0.0588708338553
0.0827726415992
0.0932760454155
1.55565481107
1.52553000963
1.56792519553
1.57456685183
1.50253913771
1.58688503192
1.59080983267
1.5390093606
1.57389102095
1.56510405622
1.57960868978
1.51619866368
1.51889317862
1.50807765212
1.51583733678
1.51402083712
1.50285723616
1.51883472317
1.51949312646
1.59958580151
1.52558536735
1.58131296286
1.5425003878
1.52129891959
1.50120947611
0.0963405998885
0.049441952386
0.0359154055843
0.0923230362873
0.0493055738928
0.026617971376
0.00562159876467
0.0151870769604
0.0977887146695
0.0806764014024
0.0565929709015
0.0868893731835
0.0811328456357
0.0528493433722
0.0973161597555
0.0207493743437
0.0576804333108
0.0943277226254
0.0882552760156
0.0133398736596
0.0290553814315
0.0424680988204
0.0845215632739
0.0534379989236
0.00487232525764
0.0660931017111
0.0620317156752
0.063712994287
0.0866084982359
0.0082438719122
0.00119717411142
0.0427391546914
0.0157474315266
0.0601278959741
0.0591478242558
0.008308552266
0.104250197293
0.215522015361
0.390877599222
0.403983446818
0.599350064463
0.698269547672
0.715581594989
0.839179157423
0.965776247348
1.09450506575
1.13417166463
1.23582596408
1.3052129999
1.41485937283
1.59186811673
1.42775240412
1.34417109658
1.27732223145
1.18252715626
1.02939967673
0.900481866528
0.83673674441
0.701038800306
0.661572601784
0.503541116859
0.478719821861
0.344322527191
0.26163919396
0.195965089799
0.0814733128772
0.0338198563005
0.0617648546103
0.0382480329384
0.00671748801857
0.0273543700865
0.0894788394425
0.0764841519267
0.0588708338553
0.0827726415992
0.0932760454155
1.55565481107
1.52553000963
1.56792519553
1.57456685183
1.50253913771
1.58688503192
1.59080983267
1.5390093606
1.57389102095
1.56510405622
1.57960868978
1.51619866368
1.51889317862
1.50807765212
1.51583733678
1.51402083712
1.50285723616
1.51883472317
1.51949312646
1.59958580151
1.52558536735
1.58131296286
1.5425003878
1.52129891959
1.50120947611
0.0963405998885
0.049441952386
0.0359154055843
0.0923230362873
0.0493055738928
0.026617971376
0.00562159876467
0.0151870769604
0.0977887146695
0.0806764014024
0.0565929709015
0.0868893731835
0.0811328456357
0.0528493433722
0.0973161597555
0.0207493743437
0.0576804333108
0.0943277226254
0.0882552760156
0.0133398736596
0.0290553814315
0.0424680988204
0.0845215632739
0.0534379989236
0.00487232525764
0.0660931017111
0.0620317156752
0.063712994287
0.0866084982359
0.0082438719122
0.00119717411142
0.0427391546914
0.0157474315266
0.0601278959741
0.0591478242558
0.008308552266
0.104250197293
0.215522015361
0.390877599222
0.403983446818
0.599350064463
0.698269547672
0.715581594989
0.839179157423
0.965776247348
1.09450506575
1.13417166463
1.23582596408
1.3052129999
1.41485937283
1.59186811673
1.42775240412
1.34417109658
1.27732223145
1.18252715626
1.02939967673
0.900481866528
0.83673674441
0.701038800306
0.661572601784
0.503541116859
0.478719821861
0.344322527191
0.26163919396
0.195965089799
0.0814733128772
0.0338198563005
0.0617648546103
0.0382480329384
0.00671748801857
0.0273543700865
0.0894788394425
0.0764841519267
0.0588708338553
0.0827726415992
0.0932760454155
1.55565481107
1.52553000963
1.56792519553
1.57456685183
1.50253913771
1.58688503192
1.59080983267
1.5390093606
1.57389102095
1.56510405622
1.57960868978
1.51619866368
1.51889317862
1.50807765212
1.51583733678
1.51402083712
1.50285723616
1.51883472317
1.51949312646
1.59958580151
1.52558536735
1.58131296286
1.5425003878
1.52129891959
1.50120947611
0.0963405998885
0.049441952386
0.0359154055843
0.0923230362873
0.0493055738928
0.026617971376
0.00562159876467
0.0151870769604
0.0977887146695
0.0806764014024
0.0565929709015
0.0868893731835
0.0811328456357
0.0528493433722
0.0973161597555
0.0207493743437
0.0576804333108
0.0943277226254
0.0882552760156
0.0133398736596
0.0290553814315
0.0424680988204
0.0845215632739
0.0534379989236
0.00487232525764
0.0660931017111
0.0620317156752
0.063712994287
0.0866084982359
0.0082438719122
0.00119717411142
0.0427391546914
0.0157474315266
0.0601278959741
0.0591478242558
0.008308552266
0.104250197293
0.215522015361
0.390877599222
0.403983446818
0.599350064463
0.698269547672
0.715581594989
0.839179157423
0.965776247348
1.09450506575
1.13417166463
1.23582596408
1.3052129999
1.41485937283
1.59186811673
1.42775240412
1.34417109658
1.27732223145
1.18252715626
1.02939967673
0.900481866528
0.83673674441
0.701038800306
0.661572601784
0.503541116859
0.478719821861
0.344322527191
0.26163919396
0.195965089799
0.0814733128772
0.0338198563005
0.0617648546103
0.0382480329384
0.00671748801857
0.0273543700865
0.0894788394425
0.0764841519267
0.0588708338553
0.0827726415992
0.0932760454155
1.55565481107
1.52553000963
1.56792519553
1.57456685183
1.50253913771
1.58688503192
1.59080983267
1.5390093606
1.57389102095
1.56510405622
1.57960868978
1.51619866368
1.51889317862
1.50807765212
1.51583733678
1.51402083712
1.50285723616
1.51883472317
1.51949312646
1.59958580151
1.52558536735
1.58131296286
1.5425003878
1.52129891959
1.50120947611
0.0963405998885
0.049441952386
0.0359154055843
0.0923230362873
0.0493055738928
0.026617971376
0.00562159876467
0.0151870769604
0.0977887146695
0.0806764014024
0.0565929709015
0.0868893731835
0.0811328456357
0.0528493433722
0.0973161597555
0.0207493743437
0.0576804333108
0.0943277226254
0.0882552760156
0.0133398736596
0.0290553814315
0.0424680988204
0.0845215632739
0.0534379989236
0.00487232525764
0.0660931017111
0.0620317156752
0.063712994287
0.0866084982359
0.0082438719122
0.00119717411142
0.0427391546914
0.0157474315266
0.0601278959741
0.0591478242558
0.008308552266
0.104250197293
0.215522015361
0.390877599222
0.403983446818
0.599350064463
0.698269547672
0.715581594989
0.839179157423
0.965776247348
1.09450506575
1.13417166463
1.23582596408
1.3052129999
1.41485937283
1.59186811673
1.42775240412
1.34417109658
1.27732223145
1.18252715626
1.02939967673
0.900481866528
0.83673674441
0.701038800306
0.661572601784
0.503541116859
0.478719821861
0.344322527191
0.26163919396
0.195965089799
0.0814733128772
0.0338198563005
0.0617648546103
0.0382480329384
0.00671748801857
0.0273543700865
0.0894788394425
0.0764841519267
0.0588708338553
0.0827726415992
0.0932760454155
1.55565481107
1.52553000963
1.56792519553
1.57456685183
1.50253913771
1.58688503192
1.59080983267
1.5390093606
1.57389102095
1.56510405622
1.57960868978
1.51619866368
1.51889317862
1.50807765212
1.51583733678
1.51402083712
1.50285723616
1.51883472317
1.51949312646
1.59958580151
1.52558536735
1.58131296286
1.5425003878
1.52129891959
1.50120947611
0.0963405998885
0.049441952386
0.0359154055843
0.0923230362873
0.0493055738928
0.026617971376
0.00562159876467
0.0151870769604
0.0977887146695
0.0806764014024
0.0565929709015
0.0868893731835
0.0811328456357
0.0528493433722
0.0973161597555
0.0207493743437
0.0576804333108