0.0727135461832
0.188512845735
0.242055950207
0.351736537242
0.464669629494
0.506981582596
0.603499430373
0.732294105375
0.897905548423
0.942440600872
1.046102496
1.17902856362
1.20011693064
1.33083898207
1.44247896309
1.53009795073
1.66041805274
1.74630715734
1.86876497759
1.91537436426
2.0266059458
2.12267552448
2.29466117105
2.36504771025
2.42146415694
2.57535005328
2.66801326985
2.78779091002
2.87929123475
2.97080874397
3.04191615566
3.19334447694
3.26076560694
3.36799339537
3.4046715037
3.55884451196
3.63509891419
3.7914417153
3.81329512234
3.951959648
4.04145048475
4.11254810789
4.27257698558
4.3842554887
4.41276628492
4.58579622901
4.60534089772
4.73838372485
4.88748830265
4.97776975375
0.0727135461832
0.188512845735
0.242055950207
0.351736537242
0.464669629494
0.506981582596
0.603499430373
0.732294105375
0.897905548423
0.942440600872
1.046102496
1.17902856362
1.20011693064
1.33083898207
1.44247896309
1.53009795073
1.66041805274
1.74630715734
1.86876497759
1.91537436426
2.0266059458
2.12267552448
2.29466117105
2.36504771025
2.42146415694
2.57535005328
2.66801326985
2.78779091002
2.87929123475
2.97080874397
3.04191615566
3.19334447694
3.26076560694
3.36799339537
3.4046715037
3.55884451196
3.63509891419
3.7914417153
3.81329512234
3.951959648
4.04145048475
4.11254810789
4.27257698558
4.3842554887
4.41276628492
4.58579622901
4.60534089772
4.73838372485
4.88748830265
4.97776975375
0.0727135461832
0.188512845735
0.242055950207
0.351736537242
0.464669629494
0.506981582596
0.603499430373
0.732294105375
0.897905548423
0.942440600872
1.046102496
1.17902856362
1.20011693064
1.33083898207
1.44247896309
1.53009795073
1.66041805274
1.74630715734
1.86876497759
1.91537436426
2.0266059458
2.12267552448
2.29466117105
2.36504771025
2.42146415694
2.57535005328
2.66801326985
2.78779091002
2.87929123475
2.97080874397
3.04191615566
3.19334447694
3.26076560694
3.36799339537
3.4046715037
3.55884451196
3.63509891419
3.7914417153
3.81329512234
3.951959648
4.04145048475
4.11254810789
4.27257698558
4.3842554887
4.41276628492
4.58579622901
4.60534089772
4.73838372485
4.88748830265
4.97776975375
4.97776975375
4.88748830265
4.73838372485
4.60534089772
4.58579622901
4.41276628492
4.3842554887
4.27257698558
4.11254810789
4.04145048475
3.951959648
3.81329512234
3.7914417153
3.63509891419
3.55884451196
3.4046715037
3.36799339537
3.26076560694
3.19334447694
3.04191615566
2.97080874397
2.87929123475
2.78779091002
2.66801326985
2.57535005328
2.42146415694
2.36504771025
2.29466117105
2.12267552448
2.0266059458
1.91537436426
1.86876497759
1.74630715734
1.66041805274
1.53009795073
1.44247896309
1.33083898207
1.20011693064
1.17902856362
1.046102496
0.942440600872
0.897905548423
0.732294105375
0.603499430373
0.506981582596
0.464669629494
0.351736537242
0.242055950207
0.188512845735
0.0727135461832
0.0727135461832
0.188512845735
0.242055950207
0.351736537242
0.464669629494
0.506981582596
0.603499430373
0.732294105375
0.897905548423
0.942440600872
1.046102496
1.17902856362
1.20011693064
1.33083898207
1.44247896309
1.53009795073
1.66041805274
1.74630715734
1.86876497759
1.91537436426
2.0266059458
2.12267552448
2.29466117105
2.36504771025
2.42146415694
2.57535005328
2.66801326985
2.78779091002
2.87929123475
2.97080874397
3.04191615566
3.19334447694
3.26076560694
3.36799339537
3.4046715037
3.55884451196
3.63509891419
3.7914417153
3.81329512234
3.951959648
4.04145048475
4.11254810789
4.27257698558
4.3842554887
4.41276628492
4.58579622901
4.60534089772
4.73838372485
4.88748830265
4.97776975375
4.97776975375
4.88748830265
4.73838372485
4.60534089772
4.58579622901
4.41276628492
4.3842554887
4.27257698558
4.11254810789
4.04145048475
3.951959648
3.81329512234
3.7914417153
3.63509891419
3.55884451196
3.4046715037
3.36799339537
3.26076560694
3.19334447694
3.04191615566
2.97080874397
2.87929123475
2.78779091002
2.66801326985
2.57535005328
2.42146415694
2.36504771025
2.29466117105
2.12267552448
2.0266059458
1.91537436426
1.86876497759
1.74630715734
1.66041805274
1.53009795073
1.44247896309
1.33083898207
1.20011693064
1.17902856362
1.046102496
0.942440600872
0.897905548423
0.732294105375
0.603499430373
0.506981582596
0.464669629494
0.351736537242
0.242055950207
0.188512845735
0.0727135461832
0.0727135461832
0.188512845735
0.242055950207
0.351736537242
0.464669629494
0.506981582596
0.603499430373
0.732294105375
0.897905548423
0.942440600872
1.046102496
1.17902856362
1.20011693064
1.33083898207
1.44247896309
1.53009795073
1.66041805274
1.74630715734
1.86876497759
1.91537436426
2.0266059458
2.12267552448
2.29466117105
2.36504771025
2.42146415694
2.57535005328
2.66801326985
2.78779091002
2.87929123475
2.97080874397
3.04191615566
3.19334447694
3.26076560694
3.36799339537
3.4046715037
3.55884451196
3.63509891419
3.7914417153
3.81329512234
3.951959648
4.04145048475
4.11254810789
4.27257698558
4.3842554887
4.41276628492
4.58579622901
4.60534089772
4.73838372485
4.88748830265
4.97776975375
0.0727135461832
0.188512845735
0.242055950207
0.351736537242
0.464669629494
0.506981582596
0.603499430373
0.732294105375
0.897905548423
0.942440600872
1.046102496
1.17902856362
1.20011693064
1.33083898207
1.44247896309
1.53009795073
1.66041805274
1.74630715734
1.86876497759
1.91537436426
2.0266059458
2.12267552448
2.29466117105
2.36504771025
2.42146415694
2.57535005328
2.66801326985
2.78779091002
2.87929123475
2.97080874397
3.04191615566
3.19334447694
3.26076560694
3.36799339537
3.4046715037
3.55884451196
3.63509891419
3.7914417153
3.81329512234
3.951959648
4.04145048475
4.11254810789
4.27257698558
4.3842554887
4.41276628492
4.58579622901
4.60534089772
4.73838372485
4.88748830265
4.97776975375
0.0727135461832
0.188512845735
0.242055950207
0.351736537242
0.464669629494
0.506981582596
0.603499430373
0.732294105375
0.897905548423
0.942440600872
1.046102496
1.17902856362
1.20011693064
1.33083898207
1.44247896309
1.53009795073
1.66041805274
1.74630715734
1.86876497759
1.91537436426
2.0266059458
2.12267552448
2.29466117105
2.36504771025
2.42146415694
2.57535005328
2.66801326985
2.78779091002
2.87929123475
2.97080874397
3.04191615566
3.19334447694
3.26076560694
3.36799339537
3.4046715037
3.55884451196
3.63509891419
3.7914417153
3.81329512234
3.951959648
4.04145048475
4.11254810789
4.27257698558
4.3842554887
4.41276628492
4.58579622901
4.60534089772
4.73838372485
4.88748830265
4.97776975375
4.97776975375
4.88748830265
4.73838372485
4.60534089772
4.58579622901
4.41276628492
4.3842554887
4.27257698558
4.11254810789
4.04145048475
3.951959648
3.81329512234
3.7914417153
3.63509891419
3.55884451196
3.4046715037
3.36799339537
3.26076560694
3.19334447694
3.04191615566
2.97080874397
2.87929123475
2.78779091002
2.66801326985
2.57535005328
2.42146415694
2.36504771025
2.29466117105
2.12267552448
2.0266059458
1.91537436426
1.86876497759
1.74630715734
1.66041805274
1.53009795073
1.44247896309
1.33083898207
1.20011693064
1.17902856362
1.046102496
0.942440600872
0.897905548423
0.732294105375
0.603499430373
0.506981582596
0.464669629494
0.351736537242
0.242055950207
0.188512845735
0.0727135461832
0.0727135461832
0.188512845735
0.242055950207
0.351736537242
0.464669629494
0.506981582596
0.603499430373
0.732294105375
0.897905548423
0.942440600872
1.046102496
1.17902856362
1.20011693064
1.33083898207
1.44247896309
1.53009795073
1.66041805274
1.74630715734
1.86876497759
1.91537436426
2.0266059458
2.12267552448
2.29466117105
2.36504771025
2.42146415694
2.57535005328
2.66801326985
2.78779091002
2.87929123475
2.97080874397
3.04191615566
3.19334447694
3.26076560694
3.36799339537
3.4046715037
3.55884451196
3.63509891419
3.7914417153
3.81329512234
3.951959648
4.04145048475
4.11254810789
4.27257698558
4.3842554887
4.41276628492
4.58579622901
4.60534089772
4.73838372485
4.88748830265
4.97776975375
0.0727135461832
0.188512845735
0.242055950207
0.351736537242
0.464669629494
0.506981582596
0.603499430373
0.732294105375
0.897905548423
0.942440600872
1.046102496
1.17902856362
1.20011693064
1.33083898207
1.44247896309
1.53009795073
1.66041805274
1.74630715734
1.86876497759
1.91537436426
2.0266059458
2.12267552448
2.29466117105
2.36504771025
2.42146415694
2.57535005328
2.66801326985
2.78779091002
2.87929123475
2.97080874397
3.04191615566
3.19334447694
3.26076560694
3.36799339537
3.4046715037
3.55884451196
3.63509891419
3.7914417153
3.81329512234
3.951959648
4.04145048475
4.11254810789
4.27257698558
4.3842554887
4.41276628492
4.58579622901
4.60534089772
4.73838372485
4.88748830265
4.97776975375
4.97776975375
4.88748830265
4.73838372485
4.60534089772
4.58579622901
4.41276628492
4.3842554887
4.27257698558
4.11254810789
4.04145048475
3.951959648
3.81329512234
3.7914417153
3.63509891419
3.55884451196
3.4046715037
3.36799339537
3.26076560694
3.19334447694
3.04191615566
2.97080874397
2.87929123475
2.78779091002
2.66801326985
2.57535005328
2.42146415694
2.36504771025
2.29466117105
2.12267552448
2.0266059458
1.91537436426
1.86876497759
1.74630715734
1.66041805274
1.53009795073
1.44247896309
1.33083898207
1.20011693064
1.17902856362
1.046102496
0.942440600872
0.897905548423
0.732294105375
0.603499430373
0.506981582596
0.464669629494
0.351736537242
0.242055950207
0.188512845735
0.0727135461832
0.0727135461832
0.188512845735
0.242055950207
0.351736537242
0.464669629494
0.506981582596
0.603499430373
0.732294105375
0.897905548423
0.942440600872
1.046102496
1.17902856362
1.20011693064
1.33083898207
1.44247896309
1.53009795073
1.66041805274
1.74630715734
1.86876497759
1.91537436426
2.0266059458
2.12267552448
2.29466117105
2.36504771025
2.42146415694
2.57535005328
2.66801326985
2.78779091002
2.87929123475
2.97080874397
3.04191615566
3.19334447694
3.26076560694
3.36799339537
3.4046715037
3.55884451196
3.63509891419
3.7914417153
3.81329512234
3.951959648
4.04145048475
4.11254810789
4.27257698558
4.3842554887
4.41276628492
4.58579622901
4.60534089772
4.73838372485
4.88748830265
4.97776975375
0.0727135461832
0.188512845735
0.242055950207
0.351736537242
0.464669629494
0.506981582596
0.603499430373
0.732294105375
0.897905548423
0.942440600872
1.046102496
1.17902856362
1.20011693064
1.33083898207
1.44247896309
1.53009795073
1.66041805274
1.74630715734
1.86876497759
1.91537436426
2.0266059458
2.12267552448
2.29466117105
2.36504771025
2.42146415694
2.57535005328
2.66801326985
2.78779091002
2.87929123475
2.97080874397
3.04191615566
3.19334447694
3.26076560694
3.36799339537
3.4046715037
3.55884451196
3.63509891419
3.7914417153
3.81329512234
3.951959648
4.04145048475
4.11254810789
4.27257698558
4.3842554887
4.41276628492
4.58579622901
4.60534089772
4.73838372485
4.88748830265
4.97776975375
4.97776975375
4.88748830265
4.73838372485
4.60534089772
4.58579622901
4.41276628492
4.3842554887
4.27257698558
4.11254810789
4.04145048475
3.951959648
3.81329512234
3.7914417153
3.63509891419
3.55884451196
3.4046715037
3.36799339537
3.26076560694
3.19334447694
3.04191615566
2.97080874397
2.87929123475
2.78779091002
2.66801326985
2.57535005328
2.42146415694
2.36504771025
2.29466117105
2.12267552448
2.0266059458
1.91537436426
1.86876497759
1.74630715734
1.66041805274
1.53009795073
1.44247896309
1.33083898207
1.20011693064
1.17902856362
1.046102496
0.942440600872
0.897905548423
0.732294105375
0.603499430373
0.506981582596
0.464669629494
0.351736537242
0.242055950207
0.188512845735
0.0727135461832
0.0
0.125333233564
0.248689887165
0.368124552685
0.481753674102
0.587785252292
0.684547105929
0.770513242776
0.844327925502
0.904827052466
0.951056516295
0.982287250729
0.998026728428
0.998026728428
0.982287250729
0.951056516295
0.904827052466
0.844327925502
0.770513242776
0.684547105929
0.587785252292
0.481753674102
0.368124552685
0.248689887165
0.125333233564
1.22464679915e-16
-0.125333233564
-0.248689887165
-0.368124552685
-0.481753674102
-0.587785252292
-0.684547105929
-0.770513242776
-0.844327925502
-0.904827052466
-0.951056516295
-0.982287250729
-0.998026728428
-0.998026728428
-0.982287250729
-0.951056516295
-0.904827052466
-0.844327925502
-0.770513242776
-0.684547105929
-0.587785252292
-0.481753674102
-0.368124552685
-0.248689887165
-0.125333233564
0.0
0.125333233564
0.248689887165
0.368124552685
0.481753674102
0.587785252292
0.684547105929
0.770513242776
0.844327925502
0.904827052466
0.951056516295
0.982287250729
0.998026728428
0.998026728428
0.982287250729
0.951056516295
0.904827052466
0.844327925502
0.770513242776
0.684547105929
0.587785252292
0.481753674102
0.368124552685
0.248689887165
0.125333233564
1.22464679915e-16
-0.125333233564
-0.248689887165
-0.368124552685
-0.481753674102
-0.587785252292
-0.684547105929
-0.770513242776
-0.844327925502
-0.904827052466
-0.951056516295
-0.982287250729
-0.998026728428
-0.998026728428
-0.982287250729
-0.951056516295
-0.904827052466
-0.844327925502
-0.770513242776
-0.684547105929
-0.587785252292
-0.481753674102
-0.368124552685
-0.248689887165
-0.125333233564
0.0
0.125333233564
0.248689887165
0.368124552685
0.481753674102
0.587785252292
0.684547105929
0.770513242776
0.844327925502
0.904827052466
0.951056516295
0.982287250729
0.998026728428
0.998026728428
0.982287250729
0.951056516295
0.904827052466
0.844327925502
0.770513242776
0.684547105929
0.587785252292
0.481753674102
0.368124552685
0.248689887165
0.125333233564
1.22464679915e-16
-0.125333233564
-0.248689887165
-0.368124552685
-0.481753674102
-0.587785252292
-0.684547105929
-0.770513242776
-0.844327925502
-0.904827052466
-0.951056516295
-0.982287250729
-0.998026728428
-0.998026728428
-0.982287250729
-0.951056516295
-0.904827052466
-0.844327925502
-0.770513242776
-0.684547105929
-0.587785252292
-0.481753674102
-0.368124552685
-0.248689887165
-0.125333233564
0.0
0.125333233564
0.248689887165
0.368124552685
0.481753674102
0.587785252292
0.684547105929
0.770513242776
0.844327925502
0.904827052466
0.951056516295
0.982287250729
0.998026728428
0.998026728428
0.982287250729
0.951056516295
0.904827052466
0.844327925502
0.770513242776
0.684547105929
0.587785252292
0.481753674102
0.368124552685
0.248689887165
0.125333233564
1.22464679915e-16
-0.125333233564
-0.248689887165
-0.368124552685
-0.481753674102
-0.587785252292
-0.684547105929
-0.770513242776
-0.844327925502
-0.904827052466
-0.951056516295
-0.982287250729
-0.998026728428
-0.998026728428
-0.982287250729
-0.951056516295
-0.904827052466
-0.844327925502
-0.770513242776
-0.684547105929
-0.587785252292
-0.481753674102
-0.368124552685
-0.248689887165
-0.125333233564
0.0923889087957
0.0254632187409
0.0962683908344
0.0974274508839
0.0595918581103
0.0730744956963
0.024745874054
0.00252861485495
0.0784007128885
0.00064903501334
0.0505659874788
0.0754055203451
0.020402801592
0.0971891255074
0.0847574823764
0.0812306595683
0.0485037425922
0.0696997604872
0.0966699398253
0.0966357347867
0.0366222939168
0.0771647186082
0.0722576911102
0.0782291865757
0.00348043193608
0.0218347381536
0.033585713958
0.0991240446407
0.0137688286651
0.0596793379986
0.0674970052248
0.0653084314826
0.0172678685218
0.0530733817146
0.0985972608075
0.0722854615282
0.0153307547934
0.0153224043412
0.0824181324
0.0920771674445
0.0261568324073
0.0703556135697
0.0575057066337
0.089590861138
0.0742030789164
0.0105516923621
0.00654106509888
0.0399365763752
0.0860986925869
0.0955844440606
0.0
0.125333233564
0.248689887165
0.368124552685
0.481753674102
0.587785252292
0.684547105929
0.770513242776
0.844327925502
0.904827052466
0.951056516295
0.982287250729
0.998026728428
0.998026728428
0.982287250729
0.951056516295
0.904827052466
0.844327925502
0.770513242776
0.684547105929
0.587785252292
0.481753674102
0.368124552685
0.248689887165
0.125333233564
1.22464679915e-16
-0.125333233564
-0.248689887165
-0.368124552685
-0.481753674102
-0.587785252292
-0.684547105929
-0.770513242776
-0.844327925502
-0.904827052466
-0.951056516295
-0.982287250729
-0.998026728428
-0.998026728428
-0.982287250729
-0.951056516295
-0.904827052466
-0.844327925502
-0.770513242776
-0.684547105929
-0.587785252292
-0.481753674102
-0.368124552685
-0.248689887165
-0.125333233564
0.0
0.125333233564
0.248689887165
0.368124552685
0.481753674102
0.587785252292
0.684547105929
0.770513242776
0.844327925502
0.904827052466
0.951056516295
0.982287250729
0.998026728428
0.998026728428
0.982287250729
0.951056516295
0.904827052466
0.844327925502
0.770513242776
0.684547105929
0.587785252292
0.481753674102
0.368124552685
0.248689887165
0.125333233564
1.22464679915e-16
-0.125333233564
-0.248689887165
-0.368124552685
-0.481753674102
-0.587785252292
-0.684547105929
-0.770513242776
-0.844327925502
-0.904827052466
-0.951056516295
-0.982287250729
-0.998026728428
-0.998026728428
-0.982287250729
-0.951056516295
-0.904827052466
-0.844327925502
-0.770513242776
-0.684547105929
-0.587785252292
-0.481753674102
-0.368124552685
-0.248689887165
-0.125333233564
0.0
0.125333233564
0.248689887165
0.368124552685
0.481753674102
0.587785252292
0.684547105929
0.770513242776
0.844327925502
0.904827052466
0.951056516295
0.982287250729
0.998026728428
0.998026728428
0.982287250729
0.951056516295
0.904827052466
0.844327925502
0.770513242776
0.684547105929
0.587785252292
0.481753674102
0.368124552685
0.248689887165
0.125333233564
1.22464679915e-16
-0.125333233564
-0.248689887165
-0.368124552685
-0.481753674102
-0.587785252292
-0.684547105929
-0.770513242776
-0.844327925502
-0.904827052466
-0.951056516295
-0.982287250729
-0.998026728428
-0.998026728428
-0.982287250729
-0.951056516295
-0.904827052466
-0.844327925502
-0.770513242776
-0.684547105929
-0.587785252292
-0.481753674102
-0.368124552685
-0.248689887165
-0.125333233564
0.0
0.125333233564
0.248689887165
0.368124552685
0.481753674102
0.587785252292
0.684547105929
0.770513242776
0.844327925502
0.904827052466
0.951056516295
0.982287250729
0.998026728428
0.998026728428
0.982287250729
0.951056516295
0.904827052466
0.844327925502
0.770513242776
0.684547105929
0.587785252292
0.481753674102
0.368124552685
0.248689887165
0.125333233564
1.22464679915e-16
-0.125333233564
-0.248689887165
-0.368124552685
-0.481753674102
-0.587785252292
-0.684547105929
-0.770513242776
-0.844327925502
-0.904827052466
-0.951056516295
-0.982287250729
-0.998026728428
-0.998026728428
-0.982287250729
-0.951056516295
-0.904827052466
-0.844327925502
-0.770513242776
-0.684547105929
-0.587785252292
-0.481753674102
-0.368124552685
-0.248689887165
-0.125333233564
0.0
0.125333233564
0.248689887165
0.368124552685
0.481753674102
0.587785252292
0.684547105929
0.770513242776
0.844327925502
0.904827052466
0.951056516295
0.982287250729
0.998026728428
0.998026728428
0.982287250729
0.951056516295
0.904827052466
0.844327925502
0.770513242776
0.684547105929
0.587785252292
0.481753674102
0.368124552685
0.248689887165
0.125333233564
1.22464679915e-16
-0.125333233564
-0.248689887165
-0.368124552685
-0.481753674102
-0.587785252292
-0.684547105929
-0.770513242776
-0.844327925502
-0.904827052466
-0.951056516295
-0.982287250729
-0.998026728428
-0.998026728428
-0.982287250729
-0.951056516295
-0.904827052466
-0.844327925502
-0.770513242776
-0.684547105929
-0.587785252292
-0.481753674102
-0.368124552685
-0.248689887165
-0.125333233564
0.0
0.125333233564
0.248689887165
0.368124552685
0.481753674102
0.587785252292
0.684547105929
0.770513242776
0.844327925502
0.904827052466
0.951056516295
0.982287250729
0.998026728428
0.998026728428
0.982287250729
0.951056516295
0.904827052466
0.844327925502
0.770513242776
0.684547105929
0.587785252292
0.481753674102
0.368124552685
0.248689887165
0.125333233564
1.22464679915e-16
-0.125333233564
-0.248689887165
-0.368124552685
-0.481753674102
-0.587785252292
-0.684547105929
-0.770513242776
-0.844327925502
-0.904827052466
-0.951056516295
-0.982287250729
-0.998026728428
-0.998026728428
-0.982287250729
-0.951056516295
-0.904827052466
-0.844327925502
-0.770513242776
-0.684547105929
-0.587785252292
-0.481753674102
-0.368124552685
-0.248689887165
-0.125333233564
0.0
0.125333233564
0.248689887165
0.368124552685
0.481753674102
0.587785252292
0.684547105929
0.770513242776
0.844327925502
0.904827052466
0.951056516295
0.982287250729
0.998026728428
0.998026728428
0.982287250729
0.951056516295
0.904827052466
0.844327925502
0.770513242776
0.684547105929
0.587785252292
0.481753674102
0.368124552685
0.248689887165
0.125333233564
1.22464679915e-16
-0.125333233564
-0.248689887165
-0.368124552685
-0.481753674102
-0.587785252292
-0.684547105929
-0.770513242776
-0.844327925502
-0.904827052466
-0.951056516295
-0.982287250729
-0.998026728428
-0.998026728428
-0.982287250729
-0.951056516295
-0.904827052466
-0.844327925502
-0.770513242776
-0.684547105929
-0.587785252292
-0.481753674102
-0.368124552685
-0.248689887165
-0.125333233564
0.0
0.125333233564
0.248689887165
0.368124552685
0.481753674102
0.587785252292
0.684547105929
0.770513242776
0.844327925502
0.904827052466
0.951056516295
0.982287250729
0.998026728428
0.998026728428
0.982287250729
0.951056516295
0.904827052466
0.844327925502
0.770513242776
0.684547105929
0.587785252292
0.481753674102
0.368124552685
0.248689887165
0.125333233564
1.22464679915e-16
-0.125333233564
-0.248689887165
-0.368124552685
-0.481753674102
-0.587785252292
-0.684547105929
-0.770513242776
-0.844327925502
-0.904827052466
-0.951056516295
-0.982287250729
-0.998026728428
-0.998026728428
-0.982287250729
-0.951056516295
-0.904827052466
-0.844327925502
-0.770513242776
-0.684547105929
-0.587785252292
-0.481753674102
-0.368124552685
-0.248689887165
-0.125333233564
0.0
0.125333233564
0.248689887165
0.368124552685
0.481753674102
0.587785252292
0.684547105929
0.770513242776
0.844327925502
0.904827052466
0.951056516295
0.982287250729
0.998026728428
0.998026728428
0.982287250729
0.951056516295
0.904827052466
0.844327925502
0.770513242776
0.684547105929
0.587785252292
0.481753674102
0.368124552685
0.248689887165
0.125333233564
1.22464679915e-16
-0.125333233564
-0.248689887165
-0.368124552685
-0.481753674102
-0.587785252292
-0.684547105929
-0.770513242776
-0.844327925502
-0.904827052466
-0.951056516295
-0.982287250729
-0.998026728428
-0.998026728428
-0.982287250729
-0.951056516295
-0.904827052466
-0.844327925502
-0.770513242776
-0.684547105929
-0.587785252292
-0.481753674102
-0.368124552685
-0.248689887165
-0.125333233564
0.0
0.125333233564
0.248689887165
0.368124552685
0.481753674102
0.587785252292
0.684547105929
0.770513242776
0.844327925502
0.904827052466
0.951056516295
0.982287250729
0.998026728428
0.998026728428
0.982287250729
0.951056516295
0.904827052466
0.844327925502
0.770513242776
0.684547105929
0.587785252292
0.481753674102
0.368124552685
0.248689887165
0.125333233564
1.22464679915e-16
-0.125333233564
-0.248689887165
-0.368124552685
-0.481753674102
-0.587785252292
-0.684547105929
-0.770513242776
-0.844327925502
-0.904827052466
-0.951056516295
-0.982287250729
-0.998026728428
-0.998026728428
-0.982287250729
-0.951056516295
-0.904827052466
-0.844327925502
-0.770513242776
-0.684547105929
-0.587785252292
-0.481753674102
-0.368124552685
-0.248689887165
-0.125333233564
0.0
0.125333233564
0.248689887165
0.368124552685
0.481753674102
0.587785252292
0.684547105929
0.770513242776
0.844327925502
0.904827052466
0.951056516295
0.982287250729
0.998026728428
0.998026728428
0.982287250729
0.951056516295
0.904827052466
0.844327925502
0.770513242776
0.684547105929
0.587785252292
0.481753674102
0.368124552685
0.248689887165
0.125333233564
1.22464679915e-16
-0.125333233564
-0.248689887165
-0.368124552685
-0.481753674102
-0.587785252292
-0.684547105929
-0.770513242776
-0.844327925502
-0.904827052466
-0.951056516295
-0.982287250729
-0.998026728428
-0.998026728428
-0.982287250729
-0.951056516295
-0.904827052466
-0.844327925502
-0.770513242776
-0.684547105929
-0.587785252292
-0.481753674102
-0.368124552685
-0.248689887165
-0.125333233564
0.039396670033
0.00292679073053
0.0924502203996
0.0683505750222
0.0809336394501
0.0581117730932
0.0634749703204
0.0612540879214
0.0683518505272
0.0707476551117
0.0244773289173
0.16920108566
0.224420717183
0.329167261999
0.426177831357
0.573735056529
0.63544784903
0.789884578155
0.873993143882
0.93486609712
1.08660508761
1.12213141201
1.25742880877
1.38630866735
1.45113449398
1.57307963372
1.44914528626
1.38971671754
1.2162077971
1.18951157617
1.05055335921
0.935447965774
0.838351615717
0.708364709484
0.673966794272
0.594016698388
0.457482614589
0.311554935952
0.264726931404
0.155315609564
0.0229182311611
0.075141337343
0.0814540660414
0.0760390147675
0.0369196193079
0.0895564009474
0.0174230605022
0.0616264056794
0.0626641579597
0.0458892956521
0.0408711652796
1.57111246158
1.56546541037
1.53282592324
1.54208103606
1.55886391103
1.562253878
1.58424433594
1.52209128835
1.57429613982
1.53865069162
1.5842780859
1.55389188492
1.58266672314
1.55384610848
1.58682179484
1.56889637648
1.53175590372
1.57669869316
1.52067789101
1.54430568262
1.51378793363
1.55253772328
1.51989740926
1.54058199253
1.50390416787
0.0207234562454
0.0928794542318
0.0898820443729
0.0302458324691
0.00775224280701
0.00853752532136
0.0547173057049
0.0168491346967
0.0550150965694
0.0486851868161
0.0894636772072
0.0473449408006
0.0677899355183
0.0242393693496
0.0621025759388
0.00306268177047
0.0100459875368
0.0615052082159
0.0579755865402
0.0057748399411
0.0764209937382
0.0882132734723
0.0230093091577
0.00711497621624
0.0820382407723
0.039396670033
0.00292679073053
0.0924502203996
0.0683505750222
0.0809336394501
0.0581117730932
0.0634749703204
0.0612540879214
0.0683518505272
0.0707476551117
0.0244773289173
0.16920108566
0.224420717183
0.329167261999
0.426177831357
0.573735056529
0.63544784903
0.789884578155
0.873993143882
0.93486609712
1.08660508761
1.12213141201
1.25742880877
1.38630866735
1.45113449398
1.57307963372
1.44914528626
1.38971671754
1.2162077971
1.18951157617
1.05055335921
0.935447965774
0.838351615717
0.708364709484
0.673966794272
0.594016698388
0.457482614589
0.311554935952
0.264726931404
0.155315609564
0.0229182311611
0.075141337343
0.0814540660414
0.0760390147675
0.0369196193079
0.0895564009474
0.0174230605022
0.0616264056794
0.0626641579597
0.0458892956521
0.0408711652796
1.57111246158
1.56546541037
1.53282592324
1.54208103606
1.55886391103
1.562253878
1.58424433594
1.52209128835
1.57429613982
1.53865069162
1.5842780859
1.55389188492
1.58266672314
1.55384610848
1.58682179484
1.56889637648
1.53175590372
1.57669869316
1.52067789101
1.54430568262
1.51378793363
1.55253772328
1.51989740926
1.54058199253
1.50390416787
0.0207234562454
0.0928794542318
0.0898820443729
0.0302458324691
0.00775224280701
0.00853752532136
0.0547173057049
0.0168491346967
0.0550150965694
0.0486851868161
0.0894636772072
0.0473449408006
0.0677899355183
0.0242393693496
0.0621025759388
0.00306268177047
0.0100459875368
0.0615052082159
0.0579755865402
0.0057748399411
0.0764209937382
0.0882132734723
0.0230093091577
0.00711497621624
0.0820382407723
0.039396670033
0.00292679073053
0.0924502203996
0.0683505750222
0.0809336394501
0.0581117730932
0.0634749703204
0.0612540879214
0.0683518505272
0.0707476551117
0.0244773289173
0.16920108566
0.224420717183
0.329167261999
0.426177831357
0.573735056529
0.63544784903
0.789884578155
0.873993143882
0.93486609712
1.08660508761
1.12213141201
1.25742880877
1.38630866735
1.45113449398
1.57307963372
1.44914528626
1.38971671754
1.2162077971
1.18951157617
1.05055335921
0.935447965774
0.838351615717
0.708364709484
0.673966794272
0.594016698388
0.457482614589
0.311554935952
0.264726931404
0.155315609564
0.0229182311611
0.075141337343
0.0814540660414
0.0760390147675
0.0369196193079
0.0895564009474
0.0174230605022
0.0616264056794
0.0626641579597
0.0458892956521
0.0408711652796
1.57111246158
1.56546541037
1.53282592324
1.54208103606
1.55886391103
1.562253878
1.58424433594
1.52209128835
1.57429613982
1.53865069162
1.5842780859
1.55389188492
1.58266672314
1.55384610848
1.58682179484
1.56889637648
1.53175590372
1.57669869316
1.52067789101
1.54430568262
1.51378793363
1.55253772328
1.51989740926
1.54058199253
1.50390416787
0.0207234562454
0.0928794542318
0.0898820443729
0.0302458324691
0.00775224280701
0.00853752532136
0.0547173057049
0.0168491346967
0.0550150965694
0.0486851868161
0.0894636772072
0.0473449408006
0.0677899355183
0.0242393693496
0.0621025759388
0.00306268177047
0.0100459875368
0.0615052082159
0.0579755865402
0.0057748399411
0.0764209937382
0.0882132734723
0.0230093091577
0.00711497621624
0.0820382407723
0.039396670033
0.00292679073053
0.0924502203996
0.0683505750222
0.0809336394501
0.0581117730932
0.0634749703204
0.0612540879214
0.0683518505272
0.0707476551117
0.0244773289173
0.16920108566
0.224420717183
0.329167261999
0.426177831357
0.573735056529
0.63544784903
0.789884578155
0.873993143882
0.93486609712
1.08660508761
1.12213141201
1.25742880877
1.38630866735
1.45113449398
1.57307963372
1.44914528626
1.38971671754
1.2162077971
1.18951157617
1.05055335921
0.935447965774
0.838351615717
0.708364709484
0.673966794272
0.594016698388
0.457482614589
0.311554935952
0.264726931404
0.155315609564
0.0229182311611
0.075141337343
0.0814540660414
0.0760390147675
0.0369196193079
0.0895564009474
0.0174230605022
0.0616264056794
0.0626641579597
0.0458892956521
0.0408711652796
1.57111246158
1.56546541037
1.53282592324
1.54208103606
1.55886391103
1.562253878
1.58424433594
1.52209128835
1.57429613982
1.53865069162
1.5842780859
1.55389188492
1.58266672314
1.55384610848
1.58682179484
1.56889637648
1.53175590372
1.57669869316
1.52067789101
1.54430568262
1.51378793363
1.55253772328
1.51989740926
1.54058199253
1.50390416787
0.0207234562454
0.0928794542318
0.0898820443729
0.0302458324691
0.00775224280701
0.00853752532136
0.0547173057049
0.0168491346967
0.0550150965694
0.0486851868161
0.0894636772072
0.0473449408006
0.0677899355183
0.0242393693496
0.0621025759388
0.00306268177047
0.0100459875368
0.0615052082159
0.0579755865402
0.0057748399411
0.0764209937382
0.0882132734723
0.0230093091577
0.00711497621624
0.0820382407723
0.039396670033
0.00292679073053
0.0924502203996
0.0683505750222
0.0809336394501
0.0581117730932
0.0634749703204
0.0612540879214
0.0683518505272
0.0707476551117
0.0244773289173
0.16920108566
0.224420717183
0.329167261999
0.426177831357
0.573735056529
0.63544784903
0.789884578155
0.873993143882
0.93486609712
1.08660508761
1.12213141201
1.25742880877
1.38630866735
1.45113449398
1.57307963372
1.44914528626
1.38971671754
1.2162077971
1.18951157617
1.05055335921
0.935447965774
0.838351615717
0.708364709484
0.673966794272
0.594016698388
0.457482614589
0.311554935952
0.264726931404
0.155315609564
0.0229182311611
0.075141337343
0.0814540660414
0.0760390147675
0.0369196193079
0.0895564009474
0.0174230605022
0.0616264056794
0.0626641579597
0.0458892956521
0.0408711652796
1.57111246158
1.56546541037
1.53282592324
1.54208103606
1.55886391103
1.562253878
1.58424433594
1.52209128835
1.57429613982
1.53865069162
1.5842780859
1.55389188492
1.58266672314
1.55384610848
1.58682179484
1.56889637648
1.53175590372
1.57669869316
1.52067789101
1.54430568262
1.51378793363
1.55253772328
1.51989740926
1.54058199253
1.50390416787
0.0207234562454
0.0928794542318
0.0898820443729
0.0302458324691
0.00775224280701
0.00853752532136
0.0547173057049
0.0168491346967
0.0550150965694
0.0486851868161
0.0894636772072
0.0473449408006
0.0677899355183
0.0242393693496
0.0621025759388
0.00306268177047
0.0100459875368
0.0615052082159
0.0579755865402
0.0057748399411
0.0764209937382
0.0882132734723
0.0230093091577
0.00711497621624
0.0820382407723
0.039396670033
0.00292679073053
0.0924502203996
0.0683505750222
0.0809336394501
0.0581117730932
0.0634749703204
0.0612540879214
0.0683518505272
0.0707476551117
0.0244773289173
0.16920108566
0.224420717183
0.329167261999
0.426177831357
0.573735056529
0.63544784903
0.789884578155
0.873993143882
0.93486609712
1.08660508761
1.12213141201
1.25742880877
1.38630866735
1.45113449398
1.57307963372
1.44914528626
1.38971671754
1.2162077971
1.18951157617
1.05055335921
0.935447965774
0.838351615717
0.708364709484
0.673966794272
0.594016698388
0.457482614589
0.311554935952
0.264726931404
0.155315609564
0.0229182311611
0.075141337343
0.0814540660414
0.0760390147675
0.0369196193079
0.0895564009474
0.0174230605022
0.0616264056794
0.0626641579597
0.0458892956521
0.0408711652796
1.57111246158
1.56546541037
1.53282592324
1.54208103606
1.55886391103
1.562253878
1.58424433594
1.52209128835
1.57429613982
1.53865069162
1.5842780859
1.55389188492
1.58266672314
1.55384610848
1.58682179484
1.56889637648
1.53175590372
1.57669869316
1.52067789101
1.54430568262
1.51378793363
1.55253772328
1.51989740926
1.54058199253
1.50390416787
0.0207234562454
0.0928794542318
0.0898820443729
0.0302458324691
0.00775224280701
0.00853752532136
0.0547173057049
0.0168491346967
0.0550150965694
0.0486851868161
0.0894636772072
0.0473449408006
0.0677899355183
0.0242393693496
0.0621025759388
0.00306268177047
0.0100459875368
0.0615052082159
0.0579755865402
0.0057748399411
0.0764209937382
0.0882132734723
0.0230093091577
0.00711497621624
0.0820382407723
0.039396670033
0.00292679073053
0.0924502203996
0.0683505750222
0.0809336394501
0.0581117730932
0.0634749703204
0.0612540879214
0.0683518505272
0.0707476551117
0.0244773289173
0.16920108566
0.224420717183
0.329167261999
0.426177831357
0.573735056529
0.63544784903
0.789884578155
0.873993143882
0.93486609712
1.08660508761
1.12213141201
1.25742880877
1.38630866735
1.45113449398
1.57307963372
1.44914528626
1.38971671754
1.2162077971
1.18951157617
1.05055335921
0.935447965774
0.838351615717
0.708364709484
0.673966794272
0.594016698388
0.457482614589
0.311554935952
0.264726931404
0.155315609564
0.0229182311611
0.075141337343
0.0814540660414
0.0760390147675
0.0369196193079
0.0895564009474
0.0174230605022
0.0616264056794
0.0626641579597
0.0458892956521
0.0408711652796
1.57111246158
1.56546541037
1.53282592324
1.54208103606
1.55886391103
1.562253878
1.58424433594
1.52209128835
1.57429613982
1.53865069162
1.5842780859
1.55389188492
1.58266672314
1.55384610848
1.58682179484
1.56889637648
1.53175590372
1.57669869316
1.52067789101
1.54430568262
1.51378793363
1.55253772328
1.51989740926
1.54058199253
1.50390416787
0.0207234562454
0.0928794542318
0.0898820443729
0.0302458324691
0.00775224280701
0.00853752532136
0.0547173057049
0.0168491346967
0.0550150965694
0.0486851868161
0.0894636772072
0.0473449408006
0.0677899355183
0.0242393693496
0.0621025759388
0.00306268177047
0.0100459875368
0.0615052082159
0.0579755865402
0.0057748399411
0.0764209937382
0.0882132734723
0.0230093091577
0.00711497621624
0.0820382407723
0.039396670033
0.00292679073053
0.0924502203996
0.0683505750222
0.0809336394501
0.0581117730932
0.0634749703204
0.0612540879214
0.0683518505272
0.0707476551117
0.0244773289173
0.16920108566
0.224420717183
0.329167261999
0.426177831357
0.573735056529
0.63544784903
0.789884578155
0.873993143882
0.93486609712
1.08660508761
1.12213141201
1.25742880877
1.38630866735
1.45113449398
1.57307963372
1.44914528626
1.38971671754
1.2162077971
1.18951157617
1.05055335921
0.935447965774
0.838351615717
0.708364709484
0.673966794272
0.594016698388
0.457482614589
0.311554935952
0.264726931404
0.155315609564
0.0229182311611
0.075141337343
0.0814540660414
0.0760390147675
0.0369196193079
0.0895564009474
0.0174230605022
0.0616264056794
0.0626641579597
0.0458892956521
0.0408711652796
1.57111246158
1.56546541037
1.53282592324
1.54208103606
1.55886391103
1.562253878
1.58424433594
1.52209128835
1.57429613982
1.53865069162
1.5842780859
1.55389188492
1.58266672314
1.55384610848
1.58682179484
1.56889637648
1.53175590372
1.57669869316
1.52067789101
1.54430568262
1.51378793363
1.55253772328
1.51989740926
1.54058199253
1.50390416787
0.0207234562454
0.0928794542318
0.0898820443729
0.0302458324691
0.00775224280701
0.00853752532136
0.0547173057049
0.0168491346967
0.0550150965694
0.0486851868161
0.0894636772072
0.0473449408006
0.0677899355183
0.0242393693496
0.0621025759388
0.00306268177047
0.0100459875368