-0.439
1.097
-1.986
0.644
-0.201
1.299
-0.95
0.226
0.445
-0.322
0.248
0.308
-0.175
0.036
0.395
-0.225
1.164
-1.241
-0.719
-1.063
0.685
-1.019
0.154
-0.041
0.87
-0.627
0.743
0.053
2.259
-0.919
0.809
-0.395
0.065
0.06
0.324
-0.43
0.42
0.536
0.688
0.35
0.391
0.523
1.255
0.734
-0.748
0.034
-0.616
0.945
-0.666
0.296
0.031
0.465
-0.266
1.538
-1.11
1.778
-0.913
-0.788
-1.023
1.039
-0.505
0.755
-0.749
1.004
-0.785
0.189
-0.247
2.294
0.078
1.453
-0.935
1.938
-0.26
0.581
-0.189
0.396
0.316
-0.079
-0.214
0.207
-0.189
0.146
-0.524
0.212
0.114
-0.633
0.328
0.036
0.243
-0.456
0.152
0.265
0.148
-0.33
-0.535
-0.502
0.333
-0.961
2.483
0.874
1.511
1.13
-0.979
0.278
-0.584
1.226
-0.876
1.334
2.322
1.513
-0.734
1.162
-0.728
-0.062
2.237
1.081
1.76
0.211
2.099
-0.284
0.924
-0.478
2.302
1.118
1.245
-1.028
1.335
-0.182
1.085
-0.281
0.341
1.252
1.354
0.717
0.544
1.777
0.494
0.363
0.864
-1.214
0.208
-0.354
0.139
-0.347
-0.545
-0.566
-0.437
0.465
1.065
-0.778
0.629
1.799
-0.625
-0.087
-0.649
-0.676
0.202
1.046
-2.259
0.113
-0.558
0.119
-0.504
0.038
-0.302
0.213
-0.694
0.176
0.232
-0.47
-0.063
0.789
0.477
-0.181
-0.413
0.733
0.949
0.611
-1.095
0.748
-0.186
0.832
0.38
-0.351
-0.472
0.012
0.323
0.685
0.028
0.233
0.649
-0.259
0.212
-0.035
-0.265
-0.182
-0.195
-0.468
0.389
-0.676
0.172
-0.984
-1.593
-1.69
-1.466
0.283
0.783
0.287
1.364
0.188
0.002
1.241
-1.902
-0.771
0.703
-0.833
-0.13
0.668
-0.997
-0.029
-0.157
0.233
-0.715
-2.361
1.908
-0.666
1.21
-1.181
-2.156
-0.429
-1.815
-1.72
0.208
-1.015
2.087
-0.865
0.075
-0.97
2.053
-0.84
0.154
-0.162
0.685
-1.338
0.728
-1.001
0.76
-1.232
0.802
-1.075
-0.06
-1.743
0.429
-1.526
2.435
-0.194
1.33
-0.545
0.6
-0.473
1.783
-1.222
0.94
-0.188
-0.286
-0.122
0.976
-0.91
0.637
-0.918
0.359
0.33
-0.262
-0.014
1.302
0.313
0.53
0.348
-1.006
0.084
0.084
-0.023
0.081
-0.482
0.843
-0.291
-0.584
-1.174
0.77
0.354
0.468
-0.142
0.327
0.474
0.433
-0.128
0.134
-0.275
0.395
0.558
0.075
-0.073
1.571
0.813
-0.025
-0.109
-0.03
1.166
-1.183
1.382
-0.4
-1.951
0.316
-0.917
-0.12
-1.542
-0.948
-1.853
-1.357
0.068
-0.37
0.551
-1.177
-0.333
0.556
1.138
-0.527
0.644
0.508
-0.36
1.271
0.785
1.034
-0.18
1.603
-0.95
0.963
-1.177
-0.91
-0.948
1.597
-0.938
0.801
-0.595
-0.347
0.382
1.421
-0.924
0.032
0.772
0.889
0.164
1.289
0.011
-0.381
-0.162
-0.244
-0.011
-0.063
-0.456
-0.265
-0.036
0.28
0.432
-0.211
0.232
-1.289
0.128
-0.383
1.563
-0.197
0.534
-0.141
0.886
-0.962
0.576
-1.316
-0.831
-2.158
0.69
-0.032
0.971
-1.797
-0.786
-0.389
0.826
-0.821
0.654
-0.81
-0.689
-2.81
0.148
-1.16
2.057
-1.217
0.674
-1.793
1.203
-1.234
1.449
-0.285
1.93
-1.584
0.737
-1.168
-1.79
-0.171
1.048
-0.869
1.15
0.063
0.233
-0.66
-0.844
-0.226
1.262
-0.651
-0.26
0.413
-0.566
0.424
-0.535
-1.164
-0.267
-0.809
-0.755
-0.644
-0.711
-0.157
-0.541
0.157
-1.022
0.293
-1.326
-0.193
-0.546
0.895
-1.411
-0.236
-0.77
0.53
-0.542
0.072
-2.224
0.113
-0.741
-0.644
-1.202
0.229
-1.926
1.026
-1.788
0.101
-1.301
1.622
-1.756
0.99
-0.347
0.338
-0.005
0.807
0.047
1.122
-0.162
0.344
0.052
1.386
0.407
-0.224
-0.809
-0.115
-0.021
-0.389
0.151
0.272
-0.372
0.448
1.365
-0.095
1.007
-0.027
-0.162
0.084
-0.197
0.585
-0.249
0.072
-0.291
-0.51
-0.139
-0.594
-0.068
1.104
0.278
-1.022
1.438
-0.959
0.326
-0.063
2.088
-0.141
0.269
0.381
-0.294
0.411
0.861
0.062
0.305
0.627
0.206
0.576
1.018
-0.163
0.746
-0.279
0.803
-0.482
0.654
0.406
-0.529
0.684
-1.057
0.843
-0.19
0.819
-0.189
0.115
-0.231
0.102
0.008
-0.165
-0.372
-0.2
0.307
0.639
-0.37
0.297
0.746
0.269
0.013
1.374
-0.633
0.857
-0.838
0.131
-1.663
1.967
-1.245
1.836
-0.534
-0.433
-0.644
0.366
-1.091
-0.317
-1.389
1.077
-0.729
2.253
-1.241
3.284
0.443
1.726
-0.436
0.964
-1.355
0.718
0.988
0.454
1.356
1.936
0.344
1.055
0.016
-1.64
-0.719
-0.038
-1.335
0.223
-0.83
0.168
-0.555
0.164
-0.335
0.684
-0.35
-0.452
0.649
-0.418
0.603
-0.272
-0.567
-0.43
0.176
-0.152
-0.196
0.151
0.356
0.253
-0.162
-0.972
1.683
-0.207
1.255
-1.04
-0.877
-1.681
2.109
-2.948
-0.299
-2.57
1.73
0.311
0.514
-0.406
0.139
-1.02
0.49
-0.401
1.056
0.401
0.939
0.164
-0.533
0.888
-0.431
-0.962
0.469
0.125
-0.025
0.29
0.957
-0.426
0.296
-0.922
-0.638
-0.697
-0.927
-0.214
0.184
0.268
-0.81
0.425
-0.715
-0.838
-1.639
1.156
-0.436
0.927
-1.518
-0.668
-1.158
-0.255
-1.946
0.737
-2.432
2.583
-1.562
2.86
0.26
0.044
-0.065
0.637
-0.455
0.82
0.985
0.535
-0.164
0.522
3.134
6.873
8.124
9.218
8.723
7.694
10.62
8.276
10.564
12.309
11.639
10.444
11.685
12.461
11.784
10.317
10.221
11.225
11.031
10.706
11.523
10.875
10.812
10.924
11.157
11.021
11.376
11.041
10.323
10.59
9.777
9.306
9.051
8.364
8.356
10.918
10.684
9.328
8.816
7.48
9.104
8.175
7.993
6.43
5.972
6.44
6.749
6.539
7.367
7.119
7.475
6.385
7.9
6.124
6.587
8.412
8.071
8.007
7.605
8.71
7.155
8.418
9.118
8.145
9.239
8.705
7.338
7.875
7.634
7.286
6.56
8.685
6.982
7.946
7.476
8.027
9.43
8.098
10.142
8.635
8.161
7.913
8.932
8.562
9.58
10.298
11.557
10.807
10.245
11.528
10.951
11.915
11.335
11.593
13.214
11.422
11.238
10.356
12.574
13.315
16.074
10.162
10.914
8.892
10.104
11.357
10.623
12.637
10.991
11.023
10.609
9.975
9.382
10.942
10.637
10.931
11.546
10.865
10.29
12.377
9.852
11.428
10.515
11.362
9.955
10.567
10.44
10.766
11.357
10.004
10.677
11.127
10.385
10.92
10.049
11.363
10.069
10.701
9.527
11.617
8.96
9.753
8.642
8.538
8.879
7.286
8.022
7.314
7.214
7.3
6.715
7.517
7.457
7.582
6.838
7.604
6.628
7.52
6.783
7.353
9.057
8.114
9.628
7.766
9.425
10.482
7.486
10.104
9.594
9.064
9.47
11.036
10.477
10.213
11.365
11.07
10.925
10.094
10.377
8.637
9.857
8.03
7.561
7.648
7.207
6.358
8.523
7.373
7.53
7.967
6.867
9.287
8.426
8.249
7.927
8.276
7.683
9.12
9.838
8.109
9.488
8.79
10.526
9.238
9.827
11.452
8.301
10.72
11.347
12.357
10.315
11.24
10.277
10.526
10.149
11.163
9.845
11.009
11.554
10.517
10.585
10.205
9.747
9.184
9.214
8.577
7.669
7.981
7.087
6.433
6.723
6.224
8.9
7.73
8.624
8.206
8.24
9.163
8.786
8.094
9.646
9.656
9.475
13.487
9.123
8.456
9.454
9.687
9.584
9.421
10.276
9.365
10.707
10.392
13.1
10.428
11.246
12.227
10.469
11.346
11.657
10.426
9.517
9.227
9.989
9.142
8.758
8.884
8.152
6.479
9.006
8.796
7.067
6.685
6.909
8.313
7.626
10.01
8.795
7.063
7.83
9.3
8.853
9.313
8.176
7.857
9.688
11.21
11.259
11.849
10.282
12.191
11.824
9.991
10.853
11.337
10.721
11.262
11.502
11.659
10.251
9.9
8.836
8.204
9.881
9.859
9.695
8.902
7.943
6.905
6.31
6.652
7.302
7.404
7.588
6.85
8.328
7.044
9.285
8.114
5.036
8.076
7.427
7.363
10.235
8.151
9.707
9.319
9.27
10.337
8.121
8.861
9.273
8.693
9.123
9.243
9.573
11.58
11.267
11.234
12.583
10.283
5.647
1.184
3.127
2.184
1.634
2.374
4.499
3.946
2.106
2.187
1.395
2.843
1.727
3.497
0.85
2.229
0.524
1.032
-0.146
-0.774
-0.796
-1.349
-0.133
-3.395
-0.446
-1.344
1.034
-2.296
-1.434
-0.548
1.425
-0.207
-0.704
1.365
0.94
0.594
2.837
-0.693
2.119
1.267
1.128
0.954
0.794
1.641
1.501
0.372
1.95
0.87
2.44
4.064
1.635
1.902
1.982
3.686
1.998
2.049
0.213
0.125
0.988
1.963
1.378
2.938
-0.716
1.069
1.179
6.029
-0.684
1.289
-0.569
0.538
0.402
1.929
0.661
0.62
-0.478
0.808
2.8
1.926
2.407
2.458
2.06
2.038
0.316
0.79
2.846
1.854
1.407
2.065
2.885
1.106
2.682
3.437
3.626
-0.389
1.528
-0.181
0.456
1.882
1.937
1.622
0.891
-0.186
3.652
1.031
2.46
0.16
1.876
1.846
0.601
0.279
3.32
-1.081
0.565
2.512
0.139
-0.712
1.874
2.125
2.038
2.221
0.42
1.334
0.8
1.601
1.973
1.417
1.402
2.777
1.428
1.012
0.455
2.088
1.694
3.955
-0.979
3.287
-0.139
2.464
-1.44
-0.269
0.6
0.227
1.382
3.818
0.263
2.679
0.989
2.082
1.374
2.133
0.317
1.65
1.59
1.423
0.175
1.635
1.115
0.577
0.169
0.721
1.444
0.436
0.413
0.901
0.761
1.498
-0.448
0.12
0.073
1.536
1.118
4.263
1.253
0.892
1.704
0.539
1.185
-0.146
2.294
0.55
3.749
3.795
0.778
2.133
1.828
1.262
3.121
0.945
1.735
0.97
1.264
0.65
0.192
0.444
0.889
1.65
0.983
2.211
1.378
0.465
0.439
2.65
0.922
0.854
1.384
1.109
0.567
1.168
0.271
3.097
2.178
0.682
-0.429
2.106
0.115
0.202
1.599
1.823
-1.673
-0.93
-1.466
0.493
2.113
1.984
-0.353
0.201
0.637
2.721
-0.067
2.844
-0.087
0.008
-0.715
-0.169
0.024
-0.255
-0.894
0.223
0.516
2.314
2.968
0.494
0.275
0.705
1.874
1.45
2.191
2.479
1.068
0.433
-0.269
0.885
0.154
0.273
0.255
2.033
2.369
-0.995
0.368
1.51
2.002
-0.492
1.422
-0.721
1.107
-1.476
-0.541
1.273
0.51
-0.191
2.811
-0.384
0.463
-0.19
0.482
0.219
0.765
-0.644
-0.169
0.04
-0.047
2.016
0.213
1.45
-0.142
-0.148
0.303
0.354
0.915
-0.602
0.541
2.106
1.253
1.888
1.909
2.702
-1.31
2.093
-1.647
2.277
-2.673
0.633
1.494
-0.609
-0.002
0.907
-1.94
-0.533
-0.536
0.674
1.261
2.279
0.631
0.244
0.251
0.087
-1.112
0.383
-0.807
0.195
-0.485
-0.128
-0.95
-0.73
-1.053
0.74
1.426
0.307
2.746
3.17
0.629
1.538
2.162
2.615
-0.546
2.31
1.042
0.983
3.723
-1.019
1.779
3.104
0.994
0.363
1.085
2.71
3.48
0.528
1.1
1.072
-0.694
-0.129
1.474
1.706
2.098
1.892
1.713
0.989
1.643
1.194
1.4
0.836
1.499
0.941
1.273
0.095
-0.668
0.517
0.283
0.766
0.645
0.871
-0.008
0.818
0.523
2.015
1.052
2.121
0.346
2.185
0.689
2.451
1.249
1.662
1.855
1.811
1.374
2.13
1.371
1.811
1.19
0.644
-0.189
0.988
0.171
0.733
0.443
0.73
0.443
0.557
0.327
1.565
-0.025
0.845
0.012
-0.465
-0.113
0.255
1.714
1.527
1.618
0.675
0.656
1.267
1.491
1.099
1.989
0.74
1.41
1.008
3.425
1.972
2.466
1.301
2.555
0.944
2.333
1.917
2.732
1.695
2.321
1.783
1.937
0.988
1.659
1.131
2.222
1.438
2.114
1.572
1.147
1.171
0.656
0.764
1.008
-0.125
0.985
0.875
-0.912
-0.437
-0.766
-0.687
-0.256
0.022
-0.54
-0.961
-1.732
-0.419
-0.239
-1.454
-1.719
-0.862
-3.061
-0.266
-1.864
0.253
-0.88
-1.171
-2.386
-0.47
-2.621
-1.44
-1.197
-0.036
-0.334
0.043
-0.495
0.812
-0.195
1.228
-1.217
-0.133
-1.034
-0.034
-1.181
0.443
-0.805
0.89
-1.61
-0.23
-0.943
0.654
-0.021
0.656
-0.258
1.063
-0.82
-0.152
-0.808
1.256
-0.908
-0.899
-1.028
-0.522
-1.131
-0.421
-1.007
-0.586
0.402
-1.263
-1.198
-1.623
0.859
-0.305
0.18
-0.922
0.788
-0.553
0.523
-0.691
0.371
-0.831
0.089
-0.316
0.798
-0.677
0.538
-0.09
0.411
-0.629
0.176
-0.56
0.508
-0.218
0.626
-0.388
0.508
0.077
0.741
-0.463
0.605
0.03
0.167
-0.233
0.332
-0.371
-1.379
-0.07
-0.638
-0.928
-0.837
-1.014
-1.455
-0.228
-0.238
-0.177
-0.943
-0.285
-1.317
-0.202
-0.614
-1.068
-0.741
-1.028
-0.687
-0.336
-0.312
-0.578
-0.689
0.383
-0.467
-0.638
-2.46
-0.529
-1.606
-0.524
-0.555
-0.59
0.262
-0.485
-0.922
0.556
-1.586
-1.93
-0.334
-1.494
-1.36
-0.336
-1.521
-0.604
-1.657
-1.6
-1.087
0.301
-0.256
-1.26
-0.197
0.066
-1.32
-0.908
-1.001
0.205
-1.952
-0.08
-2.143
-0.669
-2.268
-0.671
-0.365
-0.279
-1.077
0.46
-1.466
0.333
-1.78
-0.374
-0.76
0.09
-0.893
0.744
-1.072
0.999
-0.827
0.629
-1.342
0.519
-1.602
0.546
-0.737
0.583
-0.795
0.77
-0.957
1.143
-1.253
-0.251
-0.972
-0.042
-0.181
0.534
-0.576
1.088
-0.206
0.334
-0.236
0.63
0.401
0.084
-0.094
0.261
0.358
-0.803
-0.067
1.058
0.4
0.515
0.25
0.09
-0.428
-1.002
-0.023
-0.322
-0.05
-1.465
-0.737
-0.361
-0.868
-0.819
-0.943
-0.972
-0.232
-0.731
0.692
1.191
3.064
6.086
8.654
7.407
7.014
7.723
7.58
7.578
8.194
8.826
8.478
9.18
8.774
9.351
9.108
10.019
10.328
11.275
11.139
10.676
10.034
11.201
10.217
10.629
9.794
10.471
10.156
9.341
8.242
10.025
9.457
9.031
8.722
8.569
8.09
7.935
7.587
7.417
6.599
7.263
6.483
6.517
6.793
8.121
7.738
6.076
6.417
7.723
7.932
8.774
8.84
8.38
8.501
8.853
7.293
8.217
8.299
7.614
9.224
9
7.903
7.923
8.959
8.117
8.366
8.281
9.412
8.723
11.382
8.577
9.357
8.495
8.945
10.088
10.128
9.01
10.974
10.681
12.027
11.722
10.809
10.349
11.012
10.295
10.593
10.478
10.144
11.132
11.049
10.508
10.62
9.649
9.848
9.636
9.985
9.177
7.942
7.194
7.877
7.388
7.076
7.049
6.596
6.462
6.283
6.083
6.401
6.206
6.957
6.996
7.828
7.592
6.274
6.988
8.21
7.792
8.254
8.093
7.269
8.732
8.203
9.415
8.688
11.544
11.023
8.848
8.544
10.055
9.542
10.428
10.019
11.922
12.105
11.12
10.868
10.937
10.331
9.838
11.726
11.128
10.014
10.626
8.544
8.672
8.848
8.672
8.15
8.633
8.665
8.508
9.783
9.674
9.475
10.101
9.046
8.536
9.485
9.364
8.471
8.096
7.499
7.164
6.954
7.2
6.065
7.002
7.374
7.206
8.245
8.922
9.024
8.779
9.366
10.044
10.313
10.208
11.868
10.613
11.543
10.619
11.886
10.935
12.184
9.702
11.304
10.568
11.319
11.006
11.078
10.911
10.565
10.378
10.446
10.444
10.519
9.491
10.098
9.846
9.044
9.17
9.047
8.469
8.313
8.565
8.313
7.675
7.052
6.784
7.095
6.806
6.283
6.946
7.328
7.602
8.637
7.807
8.307
7.317
8.397
7.589
8.968
8.218
8.842
8.678
8.111
9.146
9.142
9.679
8.781
9.196
9.14
10.256
9.411
10.936
10.338
11.201
10.975
12.62
10.99
11.935
10.732
11.456
11.811
10.788
10.755
10.815
10.021
10.833
9.719
10.296
9.101
8.557
8.6
7.877
8.587
8.284
8.143
8
7.401
7.068
6.278
6.752
6.177
7.11
7.161
7.58
6.674
6.457
6.597
6.338
6.705
6.888
7.609
7.219
7.312
8.709
8.33
8.334
9.247
8.325
9.651
10.569
11.155
11.78
10.555
10.662
12.904
11.952
12.567
11.842
11.336
10.343
12.089
10.936
11.75
11.273
10.762
10.03
9.682
9.072
8.624
9.119
10.469
10.264
9.795
9.071
8.376
6.983
7.575
6.712
6.764
5.963
6.217
6.688
6.745
6.614
6.552
6.22
6.578
6.284
7.743
8.301
7.597
8.198
7.074
9.01
8.492
9.06
8.684
10.022
10.486
10.924
10.306
12.577
11.069
11.887
11.477
10.778
10.915
10.729
9.813
9.178
8.161
6.013
1.774
0.924
0.545
0.666
0.423
-0.347
0.362
-1.239
-0.148
-0.277
0.428
-1.063
-1.278
0.121
0.982
-1.215
0.074
-0.481
0.787
-0.39
1.377
-0.058
1.293
0.126
1.688
0.09
0.994
-0.166
1.534
0.572
1.519
0.386
1.732
0.794
2.4
0.203
1.641
0.392
1.244
0.236
0.454
-0.41
0.705
-0.299
0.114
-0.476
0.025
-0.093
1.109
0.024
0.842
0.071
0.945
0.223
-0.19
-0.357
0.41
-0.148
0.004
0.356
0.333
-0.07
0.402
-0.062
0.187
0.24
0.558
0.164
0.547
0.672
-0.074
0.084
0.654
0.177
0.011
-0.061
0.404
-0.264
-0.084
-0.097
0.229
0.283
-0.215
0.07
-1.165
0.082
-0.937
0.827
-0.911
0.352
-0.778
0.99
-0.108
0.845
0.704
0.96
0.016
0.501
-0.523
-0.822
-0.825
1.655
0.249
1.853
-1.147
-0.577
-0.535
1.573
1.122
2.453
0.691
2.578
1.175
1.75
1.177
1.471
0.772
2.189
0.613
2.259
1.031
1.986
0.618
2.666
0.977
2.635
1.278
1.847
0.923
1.977
0.882
2.175
0.951
3.405
1.602
3.313
2.185
3
1.369
2.908
2.202
2.93
1.606
2.548
1.747
2.591
2.108
2.381
1.475
2.319
0.769
1.214
1.58
2.196
1.529
1.718
1.386
1.39
1.255
1.006
1.179
0.529
1.236
0.909
0.141
0.321
1.316
0.394
0.48
-0.434
0.798
0.282
1.872
1.232
2.303
1.3
2.78
2.081
2.715
1.776
2.721
1.692
1.64
1.237
2.113
1.299
1.33
1.434
1.262
1.243
0.242
0.487
1.294
0.317
0.959
0.331
1.049
0.575
0.638
1.013
0.179
0.612
-0.313
1.68
0.624
2.002
1.708
0.279
1.406
2.859
1.881
2.75
1.087
2.22
0.526
1.918
0.419
1.207
0.317
1.734
1.094
1.953
1.088
1.591
1.181
1.576
0.918
1.62
0.924
1.382
0.956
0.089
0.368
0.097
0.568
0.735
0.435
0.497
0.096
0.63
-0.674
-1.132
-1.538
-1.795
-0.153
0.042
0.428
-0.113
0.821
-0.954
1.067
-0.501
0.631
-0.334
0.557
0.528
0.57
0.078
1.281
-0.017
1.865
0.715
1.589
0.394
1.752
0.871
1.222
0.701
1.537
0.892
2.169
0.831
1.316
0.817
-0.014
0.029
-0.893
-0.446
-0.21
-0.44
-0.635
-0.546
-0.801
-0.427
-0.457
0.623
0.016
0.456
-0.256
0.786
-1.647
1.786
-0.237
1.813
-0.195
1.171
-0.206
1.768
0.865
2.885
1.578
2.204
2.198
3.423
1.714
2.415
1.748
2.126
1.242
1.565
1.279
1.396
1.066
0.546
0.835
0.669
0.412
0.613
0.969
1.896
1.177
1.019
0.74
0.511
0.349
0.052
0.399
-0.975
0.727
-0.445
0.976
0.686
0.641
0.606
0.517
-0.063
-0.584
0.064
0.465
0.932
4.243
9.038
9.997
9.001
7.789
7.59
7.508
8.958
8.998
8.565
9.267
10.45
10.123
10.821
10.168
9.934
9.066
8.911
7.872
7.249
6.417
6.437
6.287
6.465
8.677
8.619
8.062
8.081
8.435
8.904
8.955
9.001
11.356
10.659
12.242
10.852
10.762
10.742
7.864
9.187
8.319
7.283
6.384
6.742
6.858
6.977
7.572
7.421
8.082
8.634
8.084
8.114
8.413
9.023
9.706
9.778
11.088
11.059
10.821
11.114
10.559
10.968
10.387
9.56
10.171
10.794
9.904
9.951
9.323
10.019
8.641
8.539
7.938
8.314
7.653
7.319
6.584
7.039
6.802
6.63
7.03
6.308
7.174
8.117
8.804
9.232
8.03
8.084
8.561
8.466
8.574
8.854
10.332
9.772
11.069
10.237
10.504
10.799
10.848
10.859
10.89
10.476
10.409
10.881
10.718
10.153
10.348
10.039
11.816
10.778
10.866
10.601
10.243
8.273
7.62
7.24
6.765
6.733
6.417
6.505
7.122
6.988
7.136
6.858
6.614
7.228
8.288
8.288
9.04
7.927
7.968
8.503
8.546
9.04
9.441
11.424
10.053
10.198
9.771
11.291
11.126
11.315
10.871
10.745
10.168
10.217
10.434
10.057
10.129
11.021
10.279
10.174
9.538
8.847
8.23
7.31
9.129
9.269
7.985
7.459
6.096
6.879
8.321
8.72
7.101
7.255
7.366
6.341
6.309
5.872
6.842
6.959
7.315
6.858
6.882
7.092
8
9.271
8.294
8.583
8.81
10.155
10.607
10.259
11.275
10.911
11.099
10.478
11.101
10.736
9.259
8.673
9.702
7.938
7.271
6.945
6.693
6.642
6.456
7.674
7.543
6.396
6.462
7.134
7.112
7.103
8.725
8.622
8.854
9.075
9.336
8.646
8.433
9.043
9.289
10.117
11.09
10.213
10.099
11.257
11.368
12.208
10.877
11.81
10.544
10.753
10.838
12.148
11.479
11.158
11.343
10.978
9.682
9.292
8.82
7.905
7.762
6.985
6.691
6.976
7.222
6.86
6.839
6.615
6.316
6.399
6.535
7.08
7.201
6.943
9.253
8.101
8.593
8.592
8.968
8.214
9.418
10.371
9.029
9.426
9.735
9.387
10.747
10.44
11.775
10.771
11.568
11.285
12.197
10.682
11.386
10.553
11.088
10.396
11.592
10.001
8.739
8.33
7.839
6.959
7.074
8.646
7.408
6.961
7.445
6.716
7.267
7.067
8.695
8.785
8.131
7.076
8.434
8.992
8.794
9.898
9.882
10.872
9.806
11.276
9.715
11.055
11.744
11.597
11.544
12.417
11.814
12.539
11.197
11.403
11.458
11.743
10.936
11.931
10.429
11.096
10.201
9.482
9.087
7.921
7.803
7.671
6.711
8.902
7.191
7.228
6.74
6.619
6.302
6.982
7.232
6.764
6.831
8.479
8.588
8.573
9.491
8.8
10.075
9.195
8.469
8.74
10.099
10.012
10.454
11.386
12.016
10.814
9.73
8.193
8.948
10.684
11.894
10.349
10.221
9.817
8.8
8.105
9.994
7.646
8.521
7.638
7.307
7.811
8.437
9.53
8.627
11.292
11.341
10.758
10.819
10.55
10.677
10.24
13.388
10.838
12.469
11.975
10.21
11.843
10.991
11.319
10.806
8.1
7.673
8.291
6.26
9.126
6.847
7.532
6.01
8.337
7.452
9.264
7.344
8.292
8.913
10.295
8.895
8.32
7.835
8.967
7.06
10.147
7.782
9.189
10.355
13.164
12.549
11.079
10.578
11.828
10.639
12.142
10.06
11.445
11.202
11.791
11.05
11.94
10.481
9.257
9.3
11.061
11.29
10.957
10.423
10.908
9.782
7.75
8.145
7.363
7.109
6.562
6.875
7.177
8.61
6.545
8.756
6.926
7.328
7.928
6.873
9.043
7.71
9.198
8.189
7.285
8.006
12.782
11.954
9.258
10.271
10.69
10.836
8.41
12.635
13.845
11.808
10.412
13.451
11.184
13.485
13.624
12.46
11.586
12.236
12.618
13.978
12.999
12.89
11.586
12.394
10.776
12.089
13.17
11.819
12.387
11.169
11.348
10.832
11.111
9.547
8.074
12.669
10.882
10.587
8.184
8.345
11.953
11.334
9.654
9.314
10.496
7.037
7.28
6.396
7.485
6.221
6.917
6.419
8.029
7.719
10.381
10.521
13.291
11.268
12.827
12.274
11.035
11.485
11.791
12.538
8.766
10.733
11.884
12.512
10.206
10.388
11.139
10.218
8.871
9.232
9.402
8.938
6.445
10.546
7.917
8.908
7.194
7.587
6.032
7.145
6.219
6.331
5.434
7.622
5.845
6.423
5.855
7.139
6.135
7.066
6.956
7.036
6.499
8.861
10.821
9.952
12.449
11.628
9.41
11.827
10.501
10.194
9.456
8.716
9.657
9.186
11.078
11.439
9.858
9.732
11.121
13.381
8.439
11.562
10.412
14.318
10.373
11.94
10.12
13.447
12.089
12.494
11.853
11.444
9.169
12.306
9.539
11.261
11.632
10.164
11.206
13.067
9.714
14.057
10.951
11.394
12.139
11.097
11.227
11.792
11.032
11.625
12.028
14.407
11.901
11.146
11.13
11.446
12.863
11.996
12.642
11.342
12.667
11.664
12.53
11.849
12.038
10.954
11.913
10.247
11.352
10.881
12.524
11.88
12.251
11.41
11.552
10.963
10.471
9.453
12.489
11.082
11.278
11.789
10.965
9.526
10.912
9.788
9.543
7.891
11.215
10.525
9.96
10.048
8.821
7.508
7.015
6.196
5.839
5.604
7.077
7.303
5.894
6.618
6.922
6.705
6.071
6.662
7.618
9.112
9.754
6.871
8.201
7.557
11.464
10.956
10.01
10.225
9.148
10.079
9.505
7.691
11.711
8.947
11.62
12.859
11.377
11.91
10.993
12.057
10.605
9.599
8.784
7.559
0.115
1.653
1.417
4.689
2.973
2.79
4.731
4.184
5.661
1.224
3.425
3.932
3.12
4.978
1.824
1.628
-0.186
1.984
1.77
1.635
3.634
4.139
3.352
2.453
3.487
3.269
3.707
2.949
4.249
3.135
2.12
2.39
2.377
3.069
2.882
3.372
3.147
0.65
2.127
4.769
3.519
1.971
3.705
6.292
3.833
1.5
2.639
1.466
2.806
4.245
5.16
5.324
3.073
4.514
5.692
5.355
3.046
3.756
3.668
6.214
4.52
6.529
6.549
5.584
5.596
4.29
3.199
4.409
4.986
4.459
5.962
3.417
5.585
1.976
1.512
3.888
1.355
3.232
1.284
3.3
2.231
2.942
2.255
3.062
1.558
3.244
3.817
2.031
1.637
3.808
2.389
3.942
2.317
3.5
3.364
2.384
2.327
2.193
1.044
2.318
1.867
2.579
4.174
5.777
5.486
4.368
4.717
4.179
4.567
5.893
4.644
4.128
1.826
3.556
1.866
3.984
5.025
3.182
4.38
1.895
4.702
0.884
1.86
2.283
4.599
4.656
2.758
3.652
2.332
0.494
2.437
2.607
2.626
0.754
2.848
0.676
1.776
2.249
4.919
1.612
2.182
2.678
1.289
2.851
1.629
2.125
1.745
1.86
2.492
0.699
2.668
1.753
1.879
2.431
0.477
2.2
1.921
1.697
2.215
0.996
2.254
1.617
1.96
3.427
2.985
2.658
3.118
1.455
2.782
3.609
2.135
3.033
5.577
2.624
1.014
3.832
1.969
2.061
1.519
1.319
1.255
3.665
1.925
1.818
1.698
1.208
1.192
2.468
1.328
1.154
0.245
2.151
0.073
1.55
1.295
1.92
0.975
2.073
1.343
0.731
0.657
0.818
1.06
1.027
-0.04
0.968
1.349
1.682
1.682
1.24
3.041
2.101
-0.21
1.977
0.666
1.981
1.66
2.182
0.681
3.241
0.62
1.808
0.577
1.369
2.147
0.554
3.247
2.867
2.921
4.917
0.457
6.105
3.039
6.308
1.982
-0.436
1.413
0.348
2.804
2.129
1.368
0.663
0.997
1.719
2.298
0.221
2.735
1.858
2.198
1.901
1.823
1.279
1.38
2.309
1.57
1.601
1.105
0.858
1.362
3.205
2.014
3.003
2.59
3.148
0.811
1.151
2.158
2.721
2.057
2.624
2.888
0.994
1.818
0.446
1.676
1.504
0.388
0.759
3.471
3.32
2.572
2.462
5.038
3.1
1.077
2.165
1.267
2.907
1.951
2.453
0.095
0.965
1.497
1.666
1.729
2.742
1.964
3.176
1.375
2.757
1.059
1.662
2.15
1.291
0.49
1.825
1.721
2.156
1.459
1.479
3.617
4.436
1.636
1.898
2.095
3.026
3.944
2.767
1.931
3.979
0.337
3.945
5.026
2.17
5.127
4.419
2.613
4.759
2.479
3.147
3.144
0.304
2.776
2.693
1.559
1.425
1.225
1.009
1.83
1.689
2.697
1.135
1.743
2.324
2.415
0.438
4.227
3.924
5.676
5.264
4.077
1.455
2.991
0.954
3.532
-0.03
2.438
1.216
1.854
0.173
3.086
0.747
2.644
0.882
1.978
0.629
2.054
1.253
2.466
1.752
2.068
1.497
1.257
2.148
1.309
1.866
1.946
1.971
2.333
1.19
1.237
1.221
1.437
1.022
0.192
0.31
0.031
1.042
1.112
1.004
1.378
1.297
0.35
0.632
-0.474
0.517
1.084
2.591
0.911
2.425
0.355
2.424
0.391
1.876
-0.448
2.262
0.617
1.354
0.759
2.335
1.923
1.587
0.988
1.826
-0.769
2.231
0.131
2.115
0.409
3.22
0.051
2.5
0.814
2.775
0.918
2.666
4.207
4.646
4.901
4.599
4.903
4.259
3.355
5.423
1.182
3.536
2.19
4.533
1.564
4.316
2.916
4.796
3.233
3.004
1.938
2.31
3.87
4.149
3.514
1.999
1.272
1.072
0.751
2.087
1.738
3.824
0.411
1.975
0.653
2.703
-0.192
3.176
0.677
2.564
0.953
1.984
1.721
1.767
1.939
2
0.938
2.329
1.084
2.372
0.598
1.144
1.084
1.123
2.43
2.407
3.22
1.877
1.644
2.918
2.303
2.177
1.788
2.341
0.929
0.992
1.18
0.789
1.519
0.736
0.546
0.425
0.903
0.619
1.532
0.971
1.533
2.253
2.613
1.892
2.292
0.883
3.122
1.519
2.611
4.452
2.961
0.99
2.133
1.731
1.49
0.986
2.237
1.864
1.949
1.606
1.358
1.265
1.637
1.636
1.034
1.751
1.202
1.676
0.975
1.58
0.756
1.525
1.209
2.642
0.428
3.29
-0.394
2.661
-0.005
2.414
0.518
1.876
1.382
2.375
4.643
4.198
3.179
3.199
3.312
5.199
2.305
3.593
1.452
3.24
1.48
3.019
1.214
2.231
1.641
2.283
0.111
1.972
0.89
1.404
0.834
1.67
0.733
1.503
0.921
0.428
0.863
0.356
0.574
1.582
1.673
1.488
1.166
-0.193
1.89
-0.686
2.795
-1.199
1.836
1.162
2.241
3.541
2.716
-0.103
2.036
-0.336
1.369
3.195
1.6
2.207
2.997
0.32
2.401
-0.334
1.337
-0.278
2.46
-0.377
1.237
0.222
0.423
0.818
0.528
1.304
0.754
1.073
-0.253
0.568
1.956
1.312
0.095
0.592
0.738
2.135
0.828
2.648
1.133
2.578
0.738
2.618
-1.326
2.589
0.912
2.498
0.948
2.794
0.188
0.926
1.269
1.465
2.764
3.124
1.865
2.888
1.5
2.13
1.215
2.474
2.844
2.685
1.937
2.915
2.502
3.071
2.837
2.989
3.086
2.247
2.172
1.417
2.012
1.959
2.059
1.441
2.67
1.518
2.095
0.907
2.129
1.322
1.856
-1.166
2.279
-0.04
3.371
2.577
3.28
5.592
2.332
-1.505
2.262
-0.376
4.266
2.626
4.521
0.113
3.27
1.562
4.303
-0.765
-1.018
0.937
1.454
1.02
0.493
3.952
2.476
3.519
0.01
0.844
0.247
1.856
0.572
-0.374
1.19
0.93
1.387
2.605
2.863
0.795
2.378
3.067
3.968
3.777
4.654
5.724
3.954
4.399
6.442
5.182
4.733
4.015
3.155
2.97
1.643
0.826
1.763
1.638
1.089
1.909
2.542
1.648
2.102
2.174
-0.52
2.554
0.967
3.549
6.326
5.76
4.484
4.749
0.729
5.355
-0.568
3.453
2.51
2.669
2.709
2.595
1.514
1.667
0.487
0.386
2.104
1.464
2.273
1.515
2.051
2.49
2.466
2.572
1.34
1.215
1.899
2.918
1.555
2.449
2.432
1.99
2.341
-0.195
3.618
3.735
2.966
0.235
2.772
3.611
3.954
2.945
4.15
0.841
2.927
1.591
4.981
1.039
2.348
1.987
2.925
2.089
2.666
1.975
2.76
1.88
2.267
1.98
2.178
1.86
2.753
2.897
1.13
1.378
2.356
-0.794
1.886
1.779
0.001
2.536
0.27
1.097
1.897
1.033
1.356
2.396
-0.428
2.438
3.051
2.536
-0.167
2.734
3.859
4.151
1.746
1.255
0.415
3.844
-0.229
1.565
0.538
1.591
1.024
2.336
1.182
1.795
2.739
0.972
2.511
2.618
0.713
1.616
1.157
1.429
2.3
0.25
2.318
2.954
0.122
0.814
1.677
1.398
1.054
-0.27
0.834
-0.15
1.391
1.188
0.826
1.333
1.233
0.548
0.865
0.39
1.563
-1.247
0.681
0.125
4.205
3.055
3.354
0.216
2.359
3.001
2.698
1.685
0.908
-0.899
1.162
1.962
1.476
0.548
0.238
0.1
1.682
1.512
0.982
1.524
0.3
1.393
0.384
1.455
0.426
0.658
0.599
0.343
1.131
2.068
4.75
2.982
1.558
1.899
-1.008
3.286
1.435
3.528
0.343
3.152
-2.65
0.653
-0.383
0.393
0.434
1.067
-0.608
1.2
0.731
0.872
1.289
1.133
0.456
0.877
1.144
1.002
1.624
-0.091
0.72
-0.309
1.023
-0.859
0.227
0.004
0.069
0.683
1.287
0.943
1.166
-0.477
1.445
-1.564
2.679
0.012
1.854
2.87
2.272
-0.561
4.011
-1.68
1.945
1.084
1.289
-0.031
3.099
-0.303
1.021
1.014
1.518
1.837
1.269
0.153
0.815
-0.236
-0.02
1.192
0.528
1.289
0.712
-0.057
0.36
1.223
-0.036
0.233
1.604
0.901
0.762
0.822
0.003
0.482
-1.944
0.54
-0.136
1.194
-1.329
1.804
2.224
4.969
-1.015
2.257
1.814
2.873
1.036
1.831
1.611
3.788
-0.361
1.263
-1.798
0.906
-0.361
-0.058
-0.243
0.544
-0.37
0.36
0.198
-0.482
1.346
1.243
0.195
0.751
0.693
-0.574
1.351
1.125
1.135
2.424
1.443
1.903
1.882
0.483
0.994
-1.766
0.124
-0.626
3.215
2.041
3.652
1.395
3.598
1.689
3.168
1.33
1.959
-2.134
4.109
3.978
2.116
4.052
-0.981