51.846
44.508
41.244
48.568
46.714
44.986
49.108
40.47
53.404
45.4
43.216
49.72
46.37
43.756
47.582
40.738
51.216
46.314
45
50.224
48.096
43.544
48.85
40.942
52.586
45.802
43.122
50.774
46.262
43.052
50.718
45.798
46.55
48.122
40.23
52.606
44.652
42.84
49.272
47.09
45.452
46.996
43.194
52.94
47.212
43.144
50.658
46.292
45.164
47.888
41.852
53.17
44.632
43.282
53.192
45.516
47.23
46.408
40.118
52.536
45.564
43.908
48.058
45.4
45.564
53.23
46.972
52.816
49.062
46.22
50.258
47.16
45.258
49.108
40.774
52.5
45.316
41.878
51.456
46.902
46.41
47.3
40.4
52.058
47.84
42.774
50.494
45.364
43.192
48.356
47.958
44.026
49.46
47.11
44.218
47.154
41.726
53.662
46.808
44.834
49.554
45.822
46.768
50.71
43.662
53.544
46.478
43.052
49.038
46.238
44.906
48.51
40.834
52.364
47.206
43.31
53.028
46.644
46.124
47.802
41.356
52.184
45.774
42.792
49.036
45.634
46.292
46.738
43.076
51.71
44.564
42.888
48.874
45.658
44.052
47.684
40.316
52.438
46.948
43.13
51.83
46.272
46.15
48.098
40.868
52.63
45.328
43.86
49.19
40.032
52.91
46.916
43.408
50.222
45.886
43.94
48.166
40.822
54.248
46.878
41.85
51.548
47.73
45.212
50.658
39.87
50.728
46.15
43.126
49.672
46.644
44.994
47.432
40.212
53.888
43.248
44.366
49.126
45.48
44.754
46.69
41.76
52.368
44.882
42.23
49.624
47.63
44.786
49.354
40.702
51.666
45
43.616
50.822
44.414
44.232
48.236
41.08
53.92
46.22
43.522
49.74
43.592
41.808
49.366
45.492
44.296
49.706
40.868
51.808
48.562
41.902
53.708
46.55
41.338
48.366
41.878
52.342
46.502
42.276
50.104
45.728
45.494
48.666
48.17
44.672
45.54
40.892
50.024
45.376
42.746
48.076
46.69
44.132
49.898
40.798
53.216
45.298
41.76
48.662
45.536
45.044
48.068
41.77
51.738
47.558
43.122
50.234
47.474
43.17
47.418
39.86
51.456
44.32
42.206
49.272
46.066
45.164
49.432
40.306
53.17
45.416
42.05
50.45
47.042
44.508
47.958
41.526
52.746
45.4
44.038
50.422
47.746
43.662
48.544
40.54
51.808
46.15
42.042
48.69
45.954
45.328
48.544
40.892
55.154
43.996
43.052
48.268
44.836
45.2
47.3
40.07
51.844
47.432
43.92
50.994
48.136
44.772
49.014
40.658
51.578
47.3
41.79
52.348
44.836
44.718
49.766
40.4
53.404
45.024
42.254
49.496
46.198
44.414
45.586
45.958
44.554
47.184
43.092
53.586
47.288
43.162
49.108
46.304
43.356
48.076
39.554
52.418
46.26
42.152
52.37
45.47
46.126
46.22
40.234
52.384
45.36
43.378
48.802
40.492
53.17
46.126
43.51
50.396
48.216
44.882
47.404
41.1
52.98
43.474
41.106
48.334
46.478
43.544
50.494
41.228
54.264
45.798
42.324
50.986
46.604
45.706
48.286
40.652
53.522
45.392
45.102
49.754
48.944
44.672
47.066
41.174
52.09
45.258
42.764
48.216
46.726
44.292
49.484
40.492
54.722
45.586
41.82
48.896
46.344
45.07
45.972
40.164
51.572
44.812
46.198
48.802
48.724
45.282
46.94
40.884
53.298
44.852
43.778
47.974
46.79
44.742
49.146
41.064
52.73
46.996
42.998
49.798
40.658
52.044
46.714
41.456
52.418
44.994
45.728
48.802
51.408
48.678
47.394
41.11
53.23
49.418
43.518
49.248
45.846
47.066
47.752
42.066
51.708
45.976
43.474
46.58
38.522
52.794
44.436
41.854
51.056
46.11
46.15
50.54
48.122
44.108
47.492
41.808
56.22
45.306
43.404
50.352
47.48
44.674
49.672
40.694
54.212
46.384
41.292
52.806
46.154
42.456
49.46
46.126
45.61
46.878
42.746
53.028
47.63
41.116
49.32
46.478
45.564
47.256
40.488
52.652
44.718
42.97
51.854
46.076
45.904
47.276
41.714
52.972
44.984
43.29
49.694
45.234
45.564
46.3
43.568
52.724
46.784
42.23
50.448
46.432
43.826
49.508
45.488
45.908
45.68
40.094
54.828
45.212
44.444
47.676
39.742
50.678
46.292
42.044
52.066
45.258
43.454
48.166
41.854
49.504
47.596
40.592
50.274
45.83
42.788
47.866
41.714
52.324
46.666
42.512
51.69
46.846
45.026
48.166
40.234
52.066
46.01
41.62
49.932
45.492
43.31
48.874
48.568
44.918
48.676
39.678
52.206
44.47
42.512
48.508
45.376
46.032
47.394
39.738
53.544
45.752
44.672
48.802
39.812
50.13
46.838
40.908
51.808
42.12
42.136
48.45
48.06
43.756
49.542
39.976
52.512
44.504
42.606
48.656
46.05
45.022
48.754
39.772
54.918
45.962
44.616
48.756
46.666
43.652
46.9
39.718
52.182
45.47
41.972
46.972
46.292
42.71
50.394
40.47
51.134
44.812
41.58
50.094
46.056
43.452
48.474
40.634
53.334
46.032
43.334
49.448
46.69
44.39
45.292
40.282
50.75
48.122
41.362
50.988
46.314
43.192
50.798
45.858
44.954
46.408
40.234
52.516
44.342
42.958
47.934
45.986
47.354
48.216
42.74
51.096
45.634
42.23
50.47
44.04
44.02
48.004
40.774
52
48.356
41.01
53.38
44.132
42.972
47.888
39.918
50.868
46.574
41.46
51.808
44.248
45.282
49.484
48.826
43.462
48.38
45.822
46.22
47.31
40.37
50.164
45.54
42.276
51.388
46.808
44.566
48.17
39.954
50.61
45.156
41.502
48.754
45.188
43.92
47.254
42.652
50.302
48.872
40.27
51.76
44.414
44.092
49.218
39.694
51.104
45.98
42.332
52.91
43.968
45.14
48.516
45.826
45.158
48.012
39.86
51.67
46.444
43.678
49.622
47.652
44.062
50.54
41.31
51.448
46.066
41.564
51.386
44.668
43.662
49.272
45.024
45.822
47.05
41.708
51.996
45.962
42.464
48.352
46.194
45.282
46.174
39.95
52.384
46.778
43.78
49.812
46.22
46.432
47.23
40.54
52.582
45.258
42.65
49.93
39.648
53.804
46.62
43.486
52.888
43.85
43.51
48.372
40.352
51.138
45.07
42.668
50.868
48.586
44.062
49.372
40.132
52.982
47.006
43.544
49.39
48.708
43.756
47.84
40.846
53.17
46.894
43.82
49.872
45.07
44.468
47.136
40.962
52.99
44.788
42.442
50.07
47.664
44.414
49.214
39.958
51.482
46.432
43.662
47.768
46.174
45.188
47.414
40.842
54
44.836
44.038
48.356
39.882
50.492
45.258
42.23
50.896
44.712
43.24
48.452
44.09
50.564
48.428
40.094
52.59
44.53
43.592
48.856
41.002
50.938
46.69
41.198
52.91
46.784
45.164
48.428
46.384
44.154
46.478
40.3
51.69
44.918
42.782
48.756
48.252
43.584
49.812
40.208
51.688
44.876
42.7
49.174
46.924
45.376
46.854
40.752
54.6
43.874
44.93
48.708
45.268
42.948
47.736
46.55
45.492
47.84
39.882
51.104
45.64
42.834
50.764
46.518
44.644
48.326
40.316
51.466
45.558
42.76
49.648
45.916
46.854
46.572
42.652
52.536
44.252
42.184
48.098
45.38
44.578
46.826
39.672
51.69
46.83
43.098
49.882
39.836
51.198
46.08
41.808
49.436
46.644
42.7
49.16
39.766
53.498
45.778
43.816
52.282
44.056
43.086
47.674
40.408
51.69
44.976
42.306
51.944
46.978
43.544
51.854
47.21
45.61
46.502
41.362
50.88
45.638
43.732
47.774
40.376
54.084
46.108
43.028
52.934
43.882
44.162
50.492
39.86
54.536
46.056
43.122
49.108
48.568
43.35
51.864
40.122
51.69
46.174
42.84
50.426
45.704
44.108
47.676
40.178
56.408
45.118
45.174
49.272
45.586
45.692
47.35
40.188
53.634
45.212
43.31
49.084
47.382
44.108
49.202
39.812
51.446
45.68
44.13
48.664
40.34
51.314
46.01
42.276
51.83
46.902
46.432
47.54
40.582
52.676
45.494
43.616
50.328
46.502
43.732
48.638
48.31
45.422
49.366
40.37
52.474
44.668
43.098
48.896
40.492
51.408
45.376
45.082
50.69
46.666
48.216
45.986
41.296
53.78
45.798
42.536
49.038
45.868
43.92
46.578
42.14
54.084
46.596
43.226
48.798
46.588
44.22
47.762
40.446
52.348
46.384
43.896
50.952
45.492
46.902
49.23
40.61
52.582
45.328
42.388
48.938
39.554
51.83
45.516
44.906
49.672
47.676
45.686
46.62
41.056
54.53
49.976
43.85
49.008
45.792
44.83
49.884
40.274
54.986
45.2
42.196
50.37
46.738
45.988
47.332
40.216
51.384
44.32
44.234
49.484
47.09
44.46
46.854
41.43
51.902
46.55
41.436
50.47
45.696
44.89
48.89
40.548
53.452
46.432
41.878
50.56
46.774
45.058
47.394
41.992
51.724
44.624
44.93
49.53
48.192
45.47
47.888
40.708
52.44
45.558
41.902
49.014
46.966
44.426
49.414
40.132
53.38
45.306
41.902
48.428
45.892
45.704
46.522
41.302
52.598
45.376
44.366
49.882
47.338
43.4
47.558
40.634
51.996
45.24
41.902
50
45.258
44.296
50.43
39.788
53.146
45.916
41.314
52.23
44.94
43.334
49.09
45.39
43.756
48.708
42.394
53.146
46.854
44.154
48.468
40.978
53.474
45.452
43.098
49.578
40.516
52.838
47.718
42.39
51.554
47.724
43.802
49.43
40.938
53.17
45.6
43.428
49.46
44.296
45.774
49.174
48.61
45.244
46.456
40.706
52.212
44.366
43.45
47.7
40.784
53.286
46.558
44.118
51.032
41.456
51.996
46.738
42.608
48.944
46.786
44.93
47.816
40.826
53.992
47.536
44.554
49.82
45.564
43.894
49.31
41.492
51.924
46.886
42.536
50.32
48.77
43.142
51.598
46.558
45.428
47.688
40.958
52.324
45.892
43.304
47.738
46.214
47.74
48.722
43.78
52.348
46.078
41.848
50.206
46.502
44.342
50.11
40.634
52.112
46.76
42.982
51.596
46.996
44.718
47.81
40.868
52.676
47.348
43.806
49.226
41.83
54.036
46.524
43.146
52.81
46.426
43.074
49.436
45.728
44.284
48.372
39.93
52.846
47.794
43.076
50.728
41.032
52.602
48.474
41.446
49.296
45.648
45.892
47.348
40.56
55.846
45.046
45.376
48.934
46.854
45.986
47.184
40.78
50.834
46.16
43.058
49.436
49.672
44.788
48.662
40.274
53.146
45.68
43.216
49.484
40.052
52.746
44.606
42.676
51.432
46.314
45.756
47.112
40.54
51.922
45.362
43.334
48.122
41.288
51.914
46.76
44.482
49.664
48.362
45.024
46.972
40.502
53.248
45.892
44.042
49.21
46.572
44.858
48.156
41.878
53.092
50.015
54.6033
62.056
42.086
50.822
44.53
44.132
47.184
39.86
54.058
45.508
43.874
47.536
39.394
50.916
44.32
41.18
49.22
43.572
43.714
46.972
41.55
52.422
45.312
43.76
47.652
40.092
50.51
46.526
40.884
51.378
44.248
42.934
48.296
45.774
46.88
46.65
40.044
50.54
45.258
43.09
46.62
42.934
51.706
44.204
44.624
48.944
42.09
50.822
46.33
41.586
49.432
45.342
42.794
48.194
44.808
43.968
46.702
40.952
52.184
42.042
40.586
46.55
44.366
42.91
46.016
39.612
49.648
42.95
42.136
48.92
45.704
42.816
45.422
45.046
43.226
44.178
39.954
50.374
41.854
41.614
47.558
44.312
45.846
44.084
39.672
49.414
42.226
41.878
46.738
44.154
44.038
44.208
41.818
50.372
44.836
41.408
46.62
44.144
43.92
44.836
39.812
51.012
43.262
42.474
48.968
42.488
42.326
45.846
44.014
43.758
45.374
39.34
51.142
41.01
39.882
48.638
45.306
41.55
47.068
43.522
43.522
45.376
39.906
50.012
42.746
42.112
45.916
44.418
45.174
45.54
41.064
49.154
43.048
40.586
47.112
43.756
42.676
45.798
39.112
49.164
44.788
41.572
48.498
44.126
42.09
46.052
43.91
43.756
44.86
39.79
49.86
43.292
42.88
48.634
45.798
42.23
44.686
43.988
43.874
43.796
40.14
49.866
42.816
40.86
48.31
45.328
44.46
45.366
39.882
49.766
42.498
40.646
48.616
44.836
42.324
45.986
46.292
43.766
47.244
45.586
44.738
45.462
44.46
43.89
44.788
39.718
50.586
42.166
43.262
44.29
45.986
42.21
46.39
45.148
43.896
43.99
45.586
44.554
45.986
39.596
50.212
44.108
41.996
50.646
42.066
44.484
48.508
44.86
43.292
46.22
44.756
42.77
46.69
39.342
49.766
43.192
40.586
46.482
43.716
42.066
45.328
39.626
49.178
43.31
42.16
46.666
45.528
40.376
45.962
43.674
41.738
44.436
44.342
42.23
44.964
39.576
50.63
42.16
40.282
48.004
41.924
41.25
43.854
39.062
49.028
42.078
40.566
46.15
45.568
41.142
46.544
38.802
48.874
41.056
40.54
46.83
41.83
41.55
44.084
38.782
50.556
41.854
42.582
44.7
40.188
41.902
44.718
38.574
48.782
41.432
40.366
46.032
44.766
42.3
46.22
38.92
48.896
42.114
39.906
47.324
41.332
41.796
44.454
38.408
50.954
41.822
41.68
46.198
42.916
41.976
43.704
39.264
48.44
41.746
41.924
44.526
44.508
43.85
46.162
38.524
46.942
43.356
41.084
45.212
43.474
42.222
43.92
39.672
51.292
41.432
42.77
45.376
42.816
41.568
43.802
39.53
49.202
41.784
41.338
45.07
44.766
43.334
43.576
40.728
48.57
41.738
41.338
44.882
43.39
46.056
42.888
38.61
48.78
43.874
43.45
45.698
42.724
43.662
42.724
39.788
48.466
41.96
41.924
44.72
40.634
49.154
43.426
40.796
46.97
42.7
42.3
45.896
39.108
48.492
42.39
39.576
50.516
41.314
43.026
44.812
38.92
49.79
41.666
40.586
45.842
43.028
42.442
44.226
41.408
49.084
43.334
40.278
44.694
43.404
42.206
43.756
39.226
49.6
41.01
40.492
48.428
42.91
43.45
44.062
39.012
47.958
41.91
38.85
49.434
42.042
41.104
44.722
40.54
47.184
45.024
40.354
46.296
43.592
42.256
42.638
40.704
46.408
42.184
39.554
50.828
41.268
43.216
45.61
42.696
42.746
42.998
38.874
48.662
41.378
40.814
45.376
45.164
43.508
45.004
38.356
48.968
41.456
40.758
45.68
42.864
43.396
42.564
40.234
50.932
41.374
42.354
45.532
42.952
42.008
44.022
38.756
48.31
41.502
40.732
44.93
44.816
44.202
44.45
39.152
48.124
41.416
41.362
45.376
39.118
48.708
41.55
39.878
47.782
43.382
43.192
44.226
44.136
43.382
41.914
39.8
49.514
41.83
41.48
44.578
41.122
49.018
43.756
40.57
45.634
43.498
42.222
45.164
38.662
48.8
41.748
39.93
47.84
43.304
44.014
43.746
38.27
48.968
41.314
40.752
45.492
42.724
41.502
44.366
40.292
48.45
43.068
40.54
46.118
42.676
41.852
42.84
41.738
43.24
43.968
38.944
51.056
41.854
42.7
45.376
43.118
42.746
43.24
39.778
49.152
41.03
40.664
44.484
45.282
42.816
47.228
42.712
42.96
43.1
38.802
49.428
41.69
40.536
45.328
43.522
44.176
43.78
40.352
47.018
43.004
41.066
44.554
43.284
42.12
43.524
38.896
48.826
42.994
40.162
47.048
43.052
41.738
43.944
39.66
48.028
42.126
39.806
46.01
43.732
44.672
43.968
40.61
47.582
43.826
39.178
47.606
44.026
42.138
43.09
39.554
47.558
45.094
43.116
45.4
39.882
45.986
43.892
43.43
42.594
40.282
45.038
42.794
44.294
43.806
41.08
46.486
39.108
49.694
42.37
41.336
44.586
38.708
49.062
41.008
42.348
45.306
40.184
48.668
42.558
43.24
42.394
40.14
45.916
42.392
43.592
42.63
40.42
47.536
43.428
46.22
41.666
41.754
46.902
43.216
44.296
42.63
41.83
44.788
38.958
51.83
41.9
44.58
44.86
38.662
48.708
41.714
42.184
43.708
41.126
47.394
42.784
45.164
43.686
41.314
47.936
42.856
43.568
43.248
40.508
47.464
42.972
42.092
43.474
41.576
50.178
42.574
42.21
43.972
38.708
48.568
41.988
42.84
44.762
39.47
47.042
45.4
43.31
45.294
40.338
47.676
44.272
43.752
43.118
39.76
47.418
43.334
42.84
44.882
39.022
48.756
42.816
42.464
44.014
43.846
42.49
42.272
39.486
46.408
43.802
43.802
44.178
40.68
49.108
41.666
43.146
43.702
38.826
48.38
41.714
41.712
45.118
40.936
49.068
43.286
42.3
44.342
38.92
49.952
42.042
40.798
44.554
38.902
48.638
43.498
41.36
47.872
42.828
43.746
42.854
40.138
46.362
43.192
43.38
43.732
40.04
51.032
42.828
44.178
43.45
38.966
47.37
42.982
41.83
44.202
38.486
48.828
41.478
43.944
43.828
40.54
48.122
41.878
42.512
44.178
40.642
48.544
43.586
43.262
43.638
41.426
49.538
42.788
42.184
43.2
39.454
46.374
42.958
42.254
41.65
38.662
48.066
44.114
42.888
45.404
38.756
48.942
42.112
43.522
43.508
40.888
47.3
42.794
43.904
45.234
39.53
48.686
41.83
42.09
43.756
39.906
47.06
43.144
42.018
43.954
39.014
48.736
44.414
45.188
43.296
39.624
45.67
43.638
43.356
42.536
41.478
45.232
38.92
50.978
41.868
44.014
46.338
43.662
43.886
42.224
41.636
46.342
43.474
43.544
43.162
42.216
46.996
44.652
44.154
43.004
39.766
46.45
43.214
43.16
42.652
41.22
45.798
44.93
43.686
46.446
40.744
45.456
43.004
43.874
41.552
41.808
44.802
38.454
46.596
44.918
43.064
46.62
40.14
47.112
43.686
42.464
43.17
39.484
47.63
43.108
43.356
46.018
39.784
49.32
43.586
42.654
43.802
38.918
47.35
42.84
43.338
43.052
40.62
47.394
42.934
45.54
42.16
40.938
45.254
38.732
48.45
41.428
42.864
43.85
39.836
50.394
43.936
44.146
43.708
39.87
47.746
43.004
41.478
43.994
38.8
45.376
43.31
44.812
43.582
41.276
46.916
42.696
43.522
42.794
39.636
47.184
43.004
41.67
44.46
41.314
49.562
42.918
43.662
42.77
40.282
46.168
38.428
48.99
43.38
41.366
44.154
41.568
49.578
43.638
42.026
44.48
39.196
47.256
42.394
42.864
42.63
40.43
46.62
45.024
40.54
47.63
39.132
48.59
41.854
42.348
44.014
39.684
47.37
43.216
43.076
45.4
39.078
49.466
43.084
42.864
43.24
40.046
46.384
39.122
49.788
42.042
41.948
47.582
39.038
50.938
42.636
41.31
45.046
39.506
47.676
42.676
41.478
44.102
38.708
49.178
43.544
43.826
44.038
38.522
48.826
42.048
42.582
44.554
39.014
48.874
42.13
44.554
44.436
41.52
48.524
42.37
43.262
43.712
40.376
47.184
41.57
43.756
43.122
41.714
46.22
44.86
43.098
42.84
39.8
44.86
41.478
41.878
43.686
40.046
47.09
44.43
43.206
45.522
40.492
46.55
44.202
44.934
42.548
40.586
45.822
43.014
43.92
45.07
40.352
47.588
42.558
43.802
41.998
42.018
41.666
38.74
49.788
41.844
41.22
46.244
44.672
45.234
40.798
40.822
46.006
39.604
48.934
41.408
42.066
45.164
38.632
49.384
42.968
45.188
43.046
39.474
49.694
41.356
42.048
43.802
39.648
46.304
43.076
45.47
42.952
41.98
44.694
43.41
43.99
43.662
41.976
44.954
39.062
48.07
40.822
42.94
46.146
40.002
49.178
40.54
41.614
44.366
39.038
49.14
41.872
42.162
42.718
40.752
49.46
42.652
43.404
42.652
40.234
46.55
43.7
44.86
41.544
42.028
44.624
40.54
49.672
43.106
41.292
45.136
38.874
49.054
41.086
41.244
44.484
38.404
48.99
43.084
41.972
46.83
39.408
45.974
43.052
44.624
41.606
41.198
46.478
39.414
50.104
43.094
41.854
46.478
38.944
46.808
42.864
42.958
43.122
39.882
46.338
42.664
43.732
45.356
40.446
47.324
44.366
43.478
41.936
40.47
46.408
42.63
43.322
43.826
39.32
49.062
41.62
44.836
43.404
39.186
49.672
41.666
41.826
44.624
38.732
46.954
43.146
43.708
42.3
39.622
47.536
43.26
42.864
44.154
38.78
47.198
42.606
43.686
43.378
43.182
44.972
45.104
43.99
43.544
40.118
45.298
42.578
43.34
42.696
40.282
45.63
45.234
42.934
44.624
39.28
46.83
43.058
43.076
41.756
41.312
44.722
38.31
49.452
43.896
42.408
46.268
39.948
48.85
41.644
42.488
43.706
39.93
48.462
41.332
42.888
45.612
39.324
48.732
43.176
43.312
44.188
39.456
46.918
42.606
41.714
43.896
39.718
51.384
42.43
44.068
44.954
39.166
46.924
41.478
41.996
43.978
37.276
47.23
42.63
44.108
42.91
41.15
46.55
44.802
42.724
43.582
39.86
47.348
43.17
42.982
43.036
41.42
47.91
45.306
42.586
43.868
38.49
47.562
43.004
41.772
43.592
40.376
45.972
45.188
43.218
45.094
40.14
47.84
41.748
41.83
44.47
38.646
49.062
42.37
41.652
45.932
39.244
51.488
41.096
42.138
44.53
39.014
47.442
42.978
43.574
42.888
39.836
48.356
43.592
45.61
42.366
40.214
44.448
43.048
42.958
43.428
39.038
46.644
42.724
44.718
44.32
41.338
49.19
43.568
43.006
42.982
39.53
46.478
43.428
43.316
44.202
41.444
46.902
45.564
41.762
44.174
38.84
47.378
43.544
43.568
42.924
40.492
45.816
40.868
49.448
41.508
40.212
45.822
40.156
49.334
41.104
41.642
44.062
38.638
48.324
43.42
42.756
46.752
39.836
49.216
42.184
41.83
43.638
38.618
45.448
42.7
41.972
46.658
38.836
49.788
41.526
41.55
44.264
39.892
48.334
41.948
42.074
43.806
38.732
48.92
43.756
45.084
42.82
40.53
45.518
39.338
48.686
40.774
41.748
44.948
39.152
51.028
41.08
44.108
43.322
39.924
47.002
43.498
44.694
42.136
40.61
45.962
43.154
45.734
42.918
42.294
45.516
38.568
49.052
40.916
42.562
44.154
38.564
49.056
41.374
44.758
43.802
41.08
46.452
42.764
43.842
43.474
39.742
48.61
42.822
43.372
45.07
45.892
43.544
45.962
40.306
45.234
42.714
43.258
42.206
41.104
44.93
38.76
48.454
41.878
42.052
45.868
38.886
47.092
43.076
43.686
42.942
40.892
47.176
38.77
49.116
43.334
41.948
46.948
38.874
46.952
42.536
42.066
43.478
40.704
46.712
43.78
43.642
44.252
40.234
47.84
42.934
43.75
42.386
40.658
46.222
42.676
43.788
44.596
39.366
50.61
41.666
44.132
44.038
39.378
46.644
42.612
43.602
42.396
40.492
46.006
42.724
45.32
42.91
41.902
46.724
43.034
43.826
44.338
39.86
46.22
43.146
44.248
40.728
41.352
49.518
43.978
42.606
43.686
38.61
47.3
42.816
42.142
44.6
39.014
47.444
45.808
43.024
45.128
39.578
47.302
43.474
42.944
43.3
39.694
48.216
42.816
42.288
46.902
38.882
49.226
43.498
42.352
44.038
39.314
48.944
41.948
43.662
43.732
40.046
49.35
43.216
44.268
43.32
38.838
47.254
42.982
42.296
43.998
38.99
47.37
43.326
44.84
45.634
41.516
46.848
43.592
43.052
43.528
39.836
46.906
43.826
43.532
43.372
42.128
46.952
45.024
43.206
43.404
39.08
45.846
42.09
42.7
44.734
39.446
46.924
45.446
42.606
46.83
40.094
47.442
43.404
43.474
44.158
39.958
50.066
41.808
42.35
46.176
39.366
48.5
43.428
43.898
42.326
41.268
45.236
39.346
49.47
41.666
41.76
46.752
39.098
49.436
43.92
42.156
45.024
39.226
49.414
42.276
40.4
44.804
39.672
51.658
42.3
44.554
44.582
38.802
49.138
41.814
42.348
43.522
38.944
47.112
43.686
45.516
43.662
41.502
46.76
43.896
44.202
42.112
41.672
46.384
43.716
43.996
42.432
42.512
44.108
45.422
43.616
42.984
40.212
47.16
43.568
43.24
42.868
39.86
46.784
45.024
43.662
44.404
40.846
45.774
43.498
44.366
43.192
41.738
44.746
38.744
47.016
44.39
41.692
46.056
39.226
47.042
43.256
43.414
42.488
39.844
46.306
43.19
43.81
44.694
41.174
47.39
39.298
49.586
43.1
42.184
45.022
39.4
48.48
42.308
42.112
46.948
38.802
50.634
41.552
41.844
45.14
39.272
49.47
42.3
40.69
45.916
38.944
51.042
41.83
43.17
44.508
39.178
47.19
43.708
40.916
43.178
40.184
49.428
42.23
44.272
43.874
40.912
47.678
42.888
42.728
43.432
40.024
45.926
44.138
44.248
42.87
41.808
46.37
44.6
43.356
43.95
39.342
46.268
43.356
44.578
42.606
41.902
46.262
44.882
44.108
44.53
39.734
41.824
38.826
38.542
41.512
34.766
43.1
38.826
37.206
42.982
35.174
44.766
39.766
35.254
42.816
38.916
38.724
40.264
36.08
43.098
39.096
39.71
41.114
37.066
43.428
39.18
35.938
42.724
39.35
38.192
40.506
35.774
43.686
41.502
35.984
44.642
39.34
37.794
40.688
34.86
43.45
39.482
34.954
50.728
45.892
68.092
37.816
40.446
36.878
37.87
37.536
37.564
39.296
36.596
38.616
36.478
37.394
39.812
37.96
40.516
38.01
37.84
37.886
38.076
38.24
37.3
40.328
36.83
38.458
39.366
38.404
39.272
39.062
36.616
37.658
37.77
38.428
37.934
37.858
37.672
37.7
40.204
38.146
39.568
37.746
38.434
37.606
37.832
37.816
38.408
37.922
38.808
38.116
40.416
38.31
40.678
36.666
37.84
38.004
38.122
38.192
38.742
37.84
37.558
37.794
40.164
38.31
40.316
37.768
40.416
37.91
38.686
37.046
38.316
37.904
40.098
36.836
40.798
37.816
40.352
38.076
37.936
37.902
37.888
39.06
36.496
38.286
37.394
38.088
39.84
38.13
40.54
38.192
37.724
38.004
38.756
37.042
37.708
39.366
37.784
39.084
38.944
38.95
38.904
37.982
37.934
38.364
37.254
38.868
37.16
37.678
36.08
37.652
39.76
38.032
39.642
39.108
36.62
38.778
35.31
36.818
38.076
39.32
37.558
37.84
39.83
39.722
38.146
37.7
37.41
37.816
37.934
37.746
37.974
37.672
38.036
38.76
39.014
38.076
39.548
38.218
38.146
38.686
36.908
37.682
38.216
38.708
38.132
38.38
39.672
38.476
39.294
38.826
37.042
38.968
36.76
37.816
38.616
37.37
38.802
37.206
40.254
38.076
40.2
38.092
38.262
37.536
38.638
36.826
38.148
38.54
38.65
38.098
40.704
38.122
40.026
38.262
37.512
38.334
37.676
38.332
37.816
37.936
37.964
38.138
40.392
38.356
39.856
38.686
38.136
37.488
37.696
37.816
38.286
38.198
39.868
37.348
41.362
37.77
39.178
37.816
38.004
37.562
38.052
37.63
38.714
35.974
37.934
38.454
39.154
38.742
39.094
38.592
37.206
38.726
37.87
37.888
39.436
36.4
38.662
37.91
40.54
37.606
40.142
37.348
38.544
36.714
37.724
37.9
37.84
38.17
37.676
37.588
41.22
36.824
40.822
37.24
37.724
37.746
39.484
36.744
37.724
38.004
38.762
37.958
39.886
38.474
40.376
37.3
38.146
37.112
38.266
37.394
38.916
36.76
39.062
36.902
39.508
38.756
38.968
39.342
37.09
38.682
37.214
37.582
38.246
38.262
38.532
38.192
39.296
38.162
39.128
37.944
37.512
38.992
36.582
37.724
37.934
37.91
37.77
38.262
39.154
38.356
39.456
38.622
37.474
38.034
38.462
36.756
38.05
37.84
37.91
38.004
40.234
38.122
39.484
38.044
38.732
37.582
37.29
38.356
38.46
36.972
38.732
36.67
40.454
36.572
40.894
36.644
38.004
38.098
37.746
37.802
38.262
38.562
39.21
37.508
40.752
37.746
40.618
37.75
38.356
35.278
38.146
37.95
38.31
38.808
37.912
36.93
39.862
38.004
39.312
36.268
37.612
37.888
38.356
37.802
38.056
38.802
39.132
38.636
39.954
38.788
40.056
38.708
35.93
36.806
37.376
37.864
37.966
37.746
37.652
38.05
40
38.028
39.554
37.864
39.954
37.794
36.254
37.254
37.068
38.968
37.512
39.33
38.78
38.896
38.942
38.11
37.998
38.92
36.954
37.964
37.276
38.686
37.23
37.504
39.418
37.906
39.414
38.462
37.668
38.458
37.336
38.504
37.276
39.6
37.254
38.028
40.094
38.122
39.65
38.92
36.808
37.44
37.976
39.064
36.808
37.554
38.83
36.572
39.912
38.076
40.234
37.624
38.616
38.366
37.254
37.536
38.122
37.794
38.99
37.77
40.354
37.888
39.97
37.676
38.45
37.09
38.686
37.276
39.794
37.112
38.072
38.238
40.774
37.494
40.518
38.004
38.474
37.324
38.99
36.808
38.098
38.478
39.456
38.316
39.766
38.028
39.776
37.84
38.14
38.146
37.794
38.732
37.934
37.788
37.916
36.81
39.954
37.958
39.61
38.098
38.016
37.676
37.816
37.746
39.084
37.004
38.662
38.052
39.918
38.356
39.742
37.926
36.314
38.076
38.146
37.864
37.77
38.616
37.142
38.31
40.304
38.216
40.046
38.192
38.968
37.724
37.79
37.77
38.192
39.418
37.572
38.216
40.33
38.792
40.162
38.498
38.076
37.982
37.874
37.888
38.072
37.278
38.262
36.938
39.906
37.37
41.142
36.832
38.24
36.864
37.888
37.09
38.076
38.638
39.108
38.78
39.084
37.934
39.548
37.464
37.786
37.536
37.578
37.562
37.676
37.806
37.536
37.216
39.178
38.076
39.778
38.178
37.888
37.864
37.82
38.99
37.112
37.488
39.308
37.442
40.68
37.252
40.028
37.934
37.686
39.794
35.596
37.722
38.31
38.666
36.572
37.888
40.61
37.706
40.376
37.698
38.146
37.746
38.662
36.76
36.972
38.522
39.456
38.286
39.882
38.098
39.788
37.954
38.002
37.864
37.652
39.014
36.598
39.018
36.456
37.888
39.68
37.91
40.328
38.052
37.934
37.558
37.864
37.512
37.77
38.144
38.262
38.012
39.812
38.286
39.94
37.794
37.578
37.91
38.2
37.16
37.982
37.434
37.746
37.77
40.094
37.884
40.256
37.91
38.334
37.42
37.934
37.746
38.508
37.582
38.944
37.438
40.902
37.3
40.634
36.924
36.496
38.014
37.816
37.724
37.742
38.004
37.354
38.104
39.858
37.718
39.748
37.84
38.146
37.958
38.004
38.164
38.57
38.708
39.084
37.084
40.046
38.14
39.978
38.122
38.012
37.816
37.84
38.198
37.816
37.594
37.594
38.276
39.842
37.844
39.698
38.252
37.536
38.498
37.348
38.024
40.234
39.154
38.052
38.988
39.922
38.002
39.578
38.098
37.68
38.286
37.278
37.816
37.582
37.652
38.592
36.876
39.296
38.426
39.108
38.052
37.512
38.098
37.484
38.336
37.37
39.04
37.686
37.864
40.048
38.052
39.694
38.192
37.934
37.794
39.076
36.408
38.592
37.016
37.958
37.982
40.372
38.052
38.45
38.286
39.132
36.996
37.536
39.024
36.76
38.086
38.188
38.436
39.954
38.24
41.936
35.61
37.746
38.216
38.85
36.858
38.356
37.19
38.076
37.418
38.826
36.958
40.492
37.248
38.44
37.394
38.286
37.414
38.948
37.15
38.696
38.004
39.86
37.036
39.86
37.794
38.45
38.166
38.38
37.982
38.616
37.442
37.652
36.678
39.6
39.154
38.494
38.684
36.784
38.498
35.376
38.462
37.504
38.848
38.752
38.068
40.556
37.77
40.916
37.324
38.44
37.37
37.7
37.864
37.91
38.226
36.91
38.642
39.038
38.944
38.826
38.122
37.888
37.958
37.206
38.428
36.858
38.052
38.31
37.816
39.836
38.64
38.86
37.816
37.794
37.7
37.49
38.644
37.3
38.56
36.924
38.122
39.342
40
37.84
37.756
37.8
37.724
38.004
39.318
36.972
38.216
38.474
38.188
39.946
38.356
39.788
38.004
38.184
38.24
37.666
38.78
37.418
38.944
37.292
37.412
40.152
38.076
39.672
38.262
37.308
39.23
36.534
38.958
37.536
37.838
38.85
37.84
40.234
38.288
40.164
38.662
37.784
37.694
38.128
38.078
38.356
37.472
38.192
37.724
39.954
38.404
40.118
37.956
38.64
37.214
37.77
37.498
38.098
39.062
37.554
39.484
38.85
38.146
39.672
37.77
39.086
36.926
38.386
37.644
38.122
37.676
38.146
37.588
39.53
38.17
39.578
38.098
38.69
36.842
38.568
36.712
38.852
37.378
37.654
37.182
41.052
37.558
40.118
37.934
37.782
37.724
37.75
38.85
36.924
38.386
37.418
39.014
39.508
38.662
39.718
38.004
37.558
37.864
37.37
37.794
39.014
37.192
38.498
38.256
39.934
38.286
40.822
37.076
38.658
37.018
37.724
37.736
37.91
38.826
36.972
38.506
39.038
37.512
39.408
38.314
37.698
37.954
38.244
37.77
37.906
38.686
37.794
38.71
39.126
38.602
38.72
38.24
37.066
37.63
37.508
38.08
38.04
38.686
36.526
37.746
39.906
38.052
39.812
37.86
37.788
37.574
38.85
39.296
37.63
38.114
39.328
37.532
40.598
37.706
40.114
36.944
39.326
36.856
37.7
37.582
37.786
37.84
38.168
37.464
40.024
37.672
40.234
37.582
38.648
37.536
38.686
37.7
37.888
38.44
38.74
37.958
40.02
38.948
38.864
37.91
37.816
37.842
37.844
38.142
37.84
38.16
37.676
39.436
38.028
37.986
39.62
38.146
38.17
36.792
38.616
36.882
38.028
38.686
39.746
37.16
40.752
37.394
40.478
37.766
38.314
37.764
37.934
37.742
38.428
37.77
37.91
37.958
40.4
37.606
40.586
37.816
38.732
37.256
38.638
36.596
38.192
38.428
38.524
38.38
40.362
38.028
39.554
38.086
37.864
37.694
38.052
38.004
38.052
37.798
37.672
38.264
40.312
37.558
40.684
37.558
38.24
37.632
37.746
38.004
39.718
37.7
39.27
37.582
39.93
38.77
38.868
38.972
36.568
38.198
38.114
37.856
37.884
37.704
37.858
37.914
39.66
38.286
39.712
39.108
37.056
38.708
36.714
38.666
37.206
38.334
39.554
37.09
39.878
38.474
40.352
37.912
38.458
37.718